2.998997688293457031e+00
-2.744287967681884766e+00
6.623089313507080078e-01
-3.927272856235504150e-01
-9.796046018600463867e-01
-1.392311334609985352e+00
-1.889459967613220215e+00
-1.743519067764282227e+00
-1.098309278488159180e+00
-3.119333982467651367e+00
-2.226030111312866211e+00
-2.124380350112915039e+00
-2.090380191802978516e-01
-1.092904329299926758e+00
-1.549020558595657349e-01
6.712646484375000000e-01
-2.676846683025360107e-01
2.589214146137237549e-01
1.373441219329833984e-01
8.779333531856536865e-02
-1.130669355392456055e+00
-1.629654169082641602e+00
-1.372813582420349121e+00
-1.259057879447937012e+00
1.100801944732666016e+00
9.575551152229309082e-01
2.079921722412109375e+00
3.722588300704956055e+00
4.259217262268066406e+00
-2.044143676757812500e+00
1.341089725494384766e+00
-7.977000474929809570e-01
9.661647677421569824e-01
1.340881466865539551e+00
2.732699632644653320e+00
1.321787595748901367e+00
2.457081317901611328e+00
-2.911997735500335693e-01
-1.084026455879211426e+00
1.198924422264099121e+00
-1.613245368003845215e+00
1.626532971858978271e-01
-8.097361326217651367e-01
-3.077442646026611328e-01
3.042782545089721680e+00
3.357032299041748047e+00
4.576964855194091797e+00
2.798384428024291992e+00
2.042962074279785156e+00
-7.239716053009033203e-01
1.372925400733947754e+00
-2.613719925284385681e-02
-8.502506613731384277e-01
9.524523615837097168e-01
3.417140960693359375e+00
3.187038898468017578e+00
1.577676057815551758e+00
3.349711179733276367e+00
3.386066198348999023e+00
5.079925537109375000e+00
-4.639812946319580078e+00
7.253829956054687500e+00
2.200714826583862305e+00
5.376735210418701172e+00
5.587327003479003906e+00
1.561537742614746094e+00
4.256643295288085938e+00
-3.401918411254882812e-01
5.002447605133056641e+00
2.511566638946533203e+00
2.199828863143920898e+00
5.721514225006103516e+00
7.496543884277343750e+00
5.688132286071777344e+00
2.078964948654174805e+00
3.746774911880493164e+00
1.754463315010070801e+00
5.256348609924316406e+00
1.525236725807189941e+00
3.748171091079711914e+00
3.546609640121459961e+00
4.594783306121826172e+00
4.963707447052001953e+00
6.167550086975097656e+00
-6.788561820983886719e+00
9.169579744338989258e-01
2.645580291748046875e+00
3.085820436477661133e+00
3.366444826126098633e+00
4.102213680744171143e-01
-8.241485953330993652e-01
-5.694506168365478516e-01
5.964794635772705078e+00
1.963522315025329590e+00
-3.088525295257568359e+00
3.196469545364379883e+00
4.693217203021049500e-02
-8.513001203536987305e-01
2.692345857620239258e+00
3.779627084732055664e+00
1.899978965520858765e-01
-6.033415198326110840e-01
6.280025959014892578e+00
2.535606384277343750e+00
3.076320648193359375e+00
5.862426161766052246e-01
1.692095637321472168e+00
1.767529964447021484e+00
2.662139177322387695e+00
-2.603727340698242188e+00
1.727488875389099121e+00
3.791575193405151367e+00
4.527085304260253906e+00
6.298185825347900391e+00
3.569348096847534180e+00
2.889636278152465820e+00
-1.826325535774230957e+00
1.046477675437927246e+00
-5.055994987487792969e-01
5.187227725982666016e+00
3.604240655899047852e+00
-6.504182815551757812e-01
4.080854892730712891e+00
3.505838871002197266e+00
2.037543058395385742e+00
3.636396646499633789e+00
2.798090219497680664e+00
2.488383054733276367e+00
3.665339946746826172e+00
-5.801834583282470703e+00
2.760477304458618164e+00
4.174451351165771484e+00
4.406799793243408203e+00
6.081788063049316406e+00
4.545794486999511719e+00
-3.388292193412780762e-01
1.630460023880004883e+00
3.414462089538574219e+00
4.343436241149902344e+00
5.130835056304931641e+00
4.560277462005615234e+00
-8.931292295455932617e-01
4.245656013488769531e+00
2.715377092361450195e+00
6.072293758392333984e+00
4.196893215179443359e+00
8.296905517578125000e+00
-2.267445325851440430e-01
3.321037530899047852e+00
3.391254425048828125e+00
3.051249980926513672e+00
2.850587368011474609e+00
4.408853530883789062e+00
1.780117630958557129e+00
4.172407627105712891e+00
5.299104690551757812e+00
2.439196825027465820e+00
5.266849994659423828e+00
8.720344901084899902e-01
6.000217199325561523e-01
4.755413055419921875e+00
1.103455662727355957e+00
6.028275012969970703e+00
6.020130634307861328e+00
1.971892356872558594e+00
2.696625232696533203e+00
5.060894489288330078e+00
1.779778838157653809e+00
3.133736133575439453e+00
1.735593795776367188e+00
3.366566896438598633e+00
2.504265308380126953e+00
2.382375717163085938e+00
3.445187330245971680e+00
3.365275144577026367e+00
3.118760824203491211e+00
3.065143108367919922e+00
-2.971692085266113281e+00
-6.104809641838073730e-01
2.654510736465454102e+00
2.618558883666992188e+00
4.490136146545410156e+00
1.015174269676208496e+00
6.247975230216979980e-01
3.708175718784332275e-01
3.387418031692504883e+00
2.988280534744262695e+00
2.339459419250488281e+00
4.538060665130615234e+00
4.929677546024322510e-01
3.647301435470581055e+00
5.237387657165527344e+00
1.411183118820190430e+00
4.177165508270263672e+00
3.798570394515991211e+00
4.962430477142333984e+00
9.273023605346679688e-01
3.892671823501586914e+00
-4.353536963462829590e-01
6.382217407226562500e-01
2.383469820022583008e+00
1.242364287376403809e+00
9.858443737030029297e-01
3.441132545471191406e+00
-3.551537096500396729e-01
-1.408162951469421387e+00
-8.298288285732269287e-02
2.268656969070434570e+00
2.004050463438034058e-01
2.276848793029785156e+00
-1.185888767242431641e+00
7.915528416633605957e-01
1.427634596824645996e+00
-1.461791992187500000e+00
1.897725582122802734e+00
2.486129760742187500e+00
-4.013349056243896484e+00
2.887147068977355957e-01
8.531942367553710938e-01
1.673688769340515137e+00
1.783038258552551270e+00
2.465595960617065430e+00
3.262241840362548828e+00
-2.382990360260009766e+00
-1.991972178220748901e-01
1.014943957328796387e+00
4.201220512390136719e+00
-1.045716881752014160e+00
1.845321893692016602e+00
1.853650450706481934e+00
2.725643873214721680e+00
-1.113879323005676270e+00
6.341638509184122086e-03
3.488471508026123047e+00
-7.494065165519714355e-01
2.054998576641082764e-01
7.231248021125793457e-01
4.100768566131591797e+00
8.282661292469128966e-05
1.574075341224670410e+00
3.064717531204223633e+00
-2.064526319503784180e+00
9.089421629905700684e-01
1.875704288482666016e+00
-2.574276626110076904e-01
4.483042061328887939e-01
-4.811198413372039795e-01
9.229096174240112305e-01
2.411251068115234375e+00
1.824603796005249023e+00
3.850241661071777344e+00
1.254595369100570679e-01
3.397394418716430664e-01
1.623838782310485840e+00
1.501113653182983398e+00
2.675459861755371094e+00
4.936681985855102539e-01
5.708950161933898926e-01
3.295890808105468750e+00
2.247102737426757812e+00
2.842512369155883789e+00
7.132380604743957520e-01
2.072178363800048828e+00
1.761698603630065918e+00
-2.025045007467269897e-01
1.571182489395141602e+00
4.494517803192138672e+00
1.257829427719116211e+00
4.998839497566223145e-01
1.697973847389221191e+00
1.329905271530151367e+00
1.601704716682434082e+00
1.652350544929504395e+00
1.403292179107666016e+00
2.521432638168334961e-01
3.978297412395477295e-01
1.032245874404907227e+00
1.760511636734008789e+00
2.542853832244873047e+00
2.341704666614532471e-01
3.489957094192504883e+00
6.290179491043090820e-01
-1.907595396041870117e-01
8.018096089363098145e-01
-2.279290437698364258e+00
-8.977293372154235840e-01
3.825405836105346680e-01
9.785590171813964844e-01
-2.672019228339195251e-02
2.526497364044189453e+00
-9.184526801109313965e-01
5.972153544425964355e-01
2.852076292037963867e-01
1.695227265357971191e+00
-2.145782470703125000e+00
1.229240223765373230e-01
-1.744855046272277832e+00
1.367738127708435059e+00
5.251227855682373047e+00
-3.164183616638183594e+00
1.729365706443786621e+00
2.320376873016357422e+00
1.435819983482360840e+00
2.084167003631591797e-01
2.041366815567016602e+00
3.163088083267211914e+00
5.089126110076904297e+00
-3.554629325866699219e+00
-1.405708312988281250e+00
7.830156683921813965e-01
1.662158489227294922e+00
6.570777893066406250e-01
-1.385135054588317871e-01
-6.653324961662292480e-01
7.539328336715698242e-01
4.591144919395446777e-01
1.435323059558868408e-01
-9.739666581153869629e-01
1.128593087196350098e+00
8.393697440624237061e-03
-1.115459799766540527e-01
1.790458917617797852e+00
1.379131078720092773e+00
-6.508584618568420410e-01
4.808537960052490234e-01
-7.281863093376159668e-01
2.208820581436157227e+00
1.406849384307861328e+00
1.232409834861755371e+00
2.597189903259277344e+00
5.071300268173217773e-01
2.835396766662597656e+00
3.716782331466674805e-01
3.454278782010078430e-02
4.543687999248504639e-01
1.170358538627624512e+00
2.034848332405090332e-01
-1.890477538108825684e-01
1.543794035911560059e+00
2.491687774658203125e+00
-1.259912729263305664e+00
5.295149087905883789e-01
1.222712635993957520e+00
2.889230549335479736e-01
-1.533410906791687012e+00
3.963993787765502930e+00
-7.180975079536437988e-01
-1.721927970647811890e-01
9.422713518142700195e-01
3.454974889755249023e+00
1.361693739891052246e+00
4.136984646320343018e-01
2.086434364318847656e-01
1.724615931510925293e+00
2.117694854736328125e+00
1.729546308517456055e+00
-1.251895546913146973e+00
7.212765216827392578e-01
-5.258078500628471375e-02
4.438746273517608643e-01
-2.835188627243041992e+00
-1.778825283050537109e+00
1.886900544166564941e+00
1.037599802017211914e+00
9.658886790275573730e-01
8.575835824012756348e-01
-1.133220344781875610e-01
-1.114784359931945801e+00
1.269934773445129395e+00
1.066488981246948242e+00
1.088625788688659668e+00
-2.356696128845214844e+00
-7.348980307579040527e-01
2.940827608108520508e+00
-9.476365447044372559e-01
1.573941349983215332e+00
2.728175401687622070e+00
-1.208737969398498535e+00
-9.699244499206542969e-01
1.112296462059020996e+00
6.489737629890441895e-01
2.432453632354736328e+00
1.626803994178771973e+00
4.769900739192962646e-01
-2.026642322540283203e+00
-5.352575778961181641e-01
1.678215622901916504e+00
-2.552534341812133789e+00
7.914082705974578857e-02
1.042234897613525391e+00
1.085469484329223633e+00
6.226078867912292480e-01
1.080956339836120605e+00
1.313674688339233398e+00
2.697497606277465820e+00
-3.232422828674316406e+00
-7.976142764091491699e-01
1.385063171386718750e+00
1.975115060806274414e+00
1.790599346160888672e+00
2.394227743148803711e+00
1.361773252487182617e+00
-5.062255859375000000e-01
-1.734669059514999390e-01
-6.002457737922668457e-01
1.449690222740173340e+00
3.693793416023254395e-01
3.369323015213012695e-01
1.255635619163513184e+00
-2.076025724411010742e+00
1.601961612701416016e+00
2.568008422851562500e+00
-5.759762972593307495e-02
9.599236845970153809e-01
-9.136453866958618164e-01
-3.722925186157226562e-01
1.483368158340454102e+00
-3.404708147048950195e+00
-1.600231170654296875e+00
1.122352242469787598e+00
9.078326821327209473e-02
-4.088472127914428711e-01
2.360943794250488281e+00
-3.378932178020477295e-01
-2.412866801023483276e-01
1.071087121963500977e+00
2.051126241683959961e+00
-1.049381971359252930e+00
4.063934087753295898e-01
-1.937874555587768555e+00
-1.675896883010864258e+00
-3.627921938896179199e-01
-1.300496459007263184e+00
-1.442593932151794434e+00
2.492892146110534668e-01
8.755934238433837891e-02
-7.397330403327941895e-01
1.046739444136619568e-01
2.077923536300659180e+00
2.196449041366577148e-01
8.853946328163146973e-01
1.131215691566467285e+00
8.822398185729980469e-01
3.050092607736587524e-02
9.163811802864074707e-01
2.584621608257293701e-01
1.114823579788208008e+00
4.007235169410705566e-01
4.900876581668853760e-01
-1.382074654102325439e-01
3.060861229896545410e-01
-1.967092871665954590e+00
6.268038153648376465e-01
-1.096298694610595703e+00
-5.256083011627197266e-01
5.276043415069580078e-01
-2.067417055368423462e-01
-8.263752460479736328e-01
1.603337824344635010e-01
-4.983678758144378662e-01
4.945809364318847656e+00
-2.343994855880737305e+00
-9.377267956733703613e-01
-1.745327472686767578e+00
-9.688308238983154297e-01
4.985434710979461670e-01
-4.685847088694572449e-02
-1.096082568168640137e+00
9.156971573829650879e-01
1.550380825996398926e+00
2.565121054649353027e-01
-6.666380763053894043e-01
-2.436800479888916016e+00
-1.203995347023010254e+00
-1.597765803337097168e+00
2.291866391897201538e-01
-8.974021673202514648e-01
8.308245539665222168e-01
-2.797646224498748779e-01
1.552832871675491333e-01
-3.924816548824310303e-01
-2.577767372131347656e+00
-1.230810165405273438e+00
1.302757859230041504e+00
1.325678706169128418e+00
-2.653974056243896484e+00
-1.135604739189147949e+00
-9.049328565597534180e-01
7.622747123241424561e-02
-5.505777001380920410e-01
-1.622491359710693359e+00
4.803343713283538818e-01
-1.716700434684753418e+00
5.209134221076965332e-01
5.958736538887023926e-01
-1.001785397529602051e+00
-1.734775662422180176e+00
5.838955640792846680e-01
-2.157374620437622070e+00
-1.265153050422668457e+00
3.137203305959701538e-02
-1.271712660789489746e+00
1.638062357902526855e+00
-1.177742838859558105e+00
7.436644434928894043e-01
-1.579783797264099121e+00
-2.147501468658447266e+00
3.072225451469421387e-01
9.862840175628662109e-02
-2.743046283721923828e-01
3.825334906578063965e-01
1.334882140159606934e+00
-2.269335031509399414e+00
-1.394324421882629395e+00
-1.159343868494033813e-01
8.143727183341979980e-01
1.529117345809936523e+00
2.117643594741821289e+00
-1.264076471328735352e+00
2.688313961029052734e+00
-2.081073522567749023e+00
-2.674596607685089111e-01
8.916826248168945312e-01
-1.119754791259765625e+00
3.273064643144607544e-02
-1.544858694076538086e+00
-4.575650691986083984e-01
5.949031710624694824e-01
-2.567878365516662598e-01
-2.488702297210693359e+00
-4.102760851383209229e-01
-8.984482884407043457e-01
-2.014110565185546875e+00
-4.969966411590576172e-01
-7.638236880302429199e-01
-4.053429067134857178e-01
1.544910192489624023e+00
-4.014297485351562500e+00
-2.677921772003173828e+00
-3.013817787170410156e+00
5.100121498107910156e-01
-1.283816099166870117e+00
-5.086931586265563965e-02
-1.469129323959350586e+00
4.221607148647308350e-01
-4.624456763267517090e-01
-1.807409644126892090e+00
5.686715841293334961e-01
-4.363023936748504639e-01
1.723476529121398926e+00
-1.234370112419128418e+00
-1.044945597648620605e+00
3.277750968933105469e+00
9.368765950202941895e-01
1.067872405052185059e+00
-6.344953179359436035e-01
-6.979025900363922119e-02
1.778424024581909180e+00
-1.440747022628784180e+00
-1.422284483909606934e+00
3.931566476821899414e-01
4.039787948131561279e-01
-4.384790658950805664e-01
-2.696456387639045715e-02
-7.532193660736083984e-01
-1.250470399856567383e+00
1.766511917114257812e+00
-1.849686980247497559e+00
-1.824215531349182129e+00
-5.501507595181465149e-02
-5.720493793487548828e-01
-3.888034075498580933e-02
-3.398914337158203125e-01
-1.283151626586914062e+00
-7.190958857536315918e-01
3.324651122093200684e-01
1.571735292673110962e-01
-2.805560231208801270e-01
2.769450843334197998e-01
-1.273348927497863770e+00
1.621174454689025879e+00
1.380912780761718750e+00
-5.199211239814758301e-01
-1.152747750282287598e+00
-4.589265584945678711e-01
-4.812920689582824707e-01
-7.571653723716735840e-01
-1.401318669319152832e+00
6.194908022880554199e-01
-2.019263207912445068e-01
1.000014096498489380e-01
4.627960622310638428e-01
1.707079172134399414e+00
-5.126512646675109863e-01
2.512488067150115967e-01
-1.907113909721374512e+00
-6.683055311441421509e-02
3.606216609477996826e-01
-9.941521883010864258e-01
-1.724552869796752930e+00
-5.441169440746307373e-02
-2.067509591579437256e-01
1.421755075454711914e+00
-1.131347417831420898e-01
-1.121963381767272949e+00
5.557471513748168945e-01
7.818115353584289551e-01
1.608075499534606934e-01
-8.386699557304382324e-01
-2.733575582504272461e+00
-4.382874965667724609e-01
-1.051977038383483887e+00
-6.688217073678970337e-02
-7.305554151535034180e-01
-9.535722136497497559e-01
-1.128092288970947266e+00
-3.893559575080871582e-01
1.052664279937744141e+00
5.014886260032653809e-01
1.062662720680236816e+00
-3.181750535964965820e+00
6.300592422485351562e-01
-9.958922266960144043e-01
4.585238099098205566e-01
-7.001743912696838379e-01
-8.235661983489990234e-01
3.669112622737884521e-01
6.851115226745605469e-01
1.359684824943542480e+00
-2.694887876510620117e+00
-1.446126699447631836e+00
-1.854992747306823730e+00
-1.735168457031250000e+00
-1.488915681838989258e+00
1.032162308692932129e+00
-1.104739308357238770e+00
-1.345610737800598145e+00
-3.941575065255165100e-02
1.583040803670883179e-01
-9.552834630012512207e-01
-8.008865267038345337e-02
-3.334895372390747070e-01
-7.245235443115234375e-01
-1.895941138267517090e+00
-9.032342582941055298e-02
7.470102310180664062e-01
-2.815150320529937744e-01
6.235889792442321777e-01
-3.382204771041870117e-01
9.253763556480407715e-01
7.799533605575561523e-01
2.004578590393066406e+00
1.831295728683471680e+00
7.182306796312332153e-02
-2.936006188392639160e-01
6.483589112758636475e-02
1.878364086151123047e-01
-7.409513592720031738e-01
3.512801229953765869e-01
6.783872246742248535e-01
2.185245156288146973e-01
-1.410331249237060547e+00
-2.261203050613403320e+00
-1.457867741584777832e+00
-1.455127954483032227e+00
-1.338796466588973999e-01
2.514787614345550537e-01
-1.786852478981018066e+00
3.685424029827117920e-01
9.665760397911071777e-01
1.063229084014892578e+00
-8.933105506002902985e-03
2.391391843557357788e-01
1.168898701667785645e+00
-6.469640731811523438e-01
-8.740220665931701660e-01
-1.093928813934326172e+00
-1.417931795120239258e+00
-5.263491868972778320e-01
-1.027812600135803223e+00
-4.075323641300201416e-01
3.243207037448883057e-01
1.116278842091560364e-01
1.980579346418380737e-01
-2.521597146987915039e-01
2.920444011688232422e-01
4.670914709568023682e-01
-1.219939827919006348e+00
-3.974379003047943115e-01
-1.474072217941284180e+00
9.391381144523620605e-01
-3.424246907234191895e-01
-8.002690076828002930e-01
2.676066458225250244e-01
-7.718459367752075195e-01
2.831275761127471924e-01
-1.279616475105285645e+00
-1.137866139411926270e+00
4.964017868041992188e-02
-8.827536106109619141e-01
9.268899559974670410e-01
1.731923460960388184e+00
-1.811824738979339600e-01
2.737480401992797852e-01
1.203168153762817383e+00
-5.988341569900512695e-01
-1.780812442302703857e-01
6.156485080718994141e-01
4.824236929416656494e-01
6.250744313001632690e-02
-3.030230104923248291e-01
2.318133786320686340e-02
-1.217424392700195312e+00
-1.440749764442443848e+00
1.750690490007400513e-01
-6.045230627059936523e-01
-1.830455780029296875e+00
5.638191103935241699e-01
-3.685948848724365234e-01
-1.044137001037597656e+00
4.069150388240814209e-01
-4.540621936321258545e-01
-1.531312346458435059e+00
-4.487204253673553467e-01
2.451280832290649414e+00
-3.726890087127685547e+00
-3.401678800582885742e+00
-3.519203424453735352e+00
-1.184644699096679688e+00
-8.686392307281494141e-01
-7.338507175445556641e-01
-8.909011483192443848e-01
-6.763930916786193848e-01
5.619294643402099609e-01
-8.864021301269531250e-01
-1.403348684310913086e+00
5.680754780769348145e-01
1.018069028854370117e+00
1.105774402618408203e+00
-1.828002929687500000e+00
-3.627704679965972900e-01
3.273451924324035645e-01
2.301023751497268677e-01
-4.446002244949340820e-01
1.224556341767311096e-01
-6.322652101516723633e-01
-1.602023243904113770e+00
-9.141880869865417480e-01
-1.148300170898437500e+00
-1.264191865921020508e+00
-5.216594338417053223e-01
-4.135505259037017822e-01
-1.167008280754089355e+00
-2.667418241500854492e+00
-8.463360369205474854e-02
-4.181051552295684814e-01
-6.636857986450195312e-01
-1.147169947624206543e+00
-8.640753030776977539e-01
-1.465427160263061523e+00
-2.102926224470138550e-01
-1.642927050590515137e+00
3.738541603088378906e-01
-1.426275372505187988e-01
-5.175510048866271973e-01
-9.132792353630065918e-01
-8.704620003700256348e-01
-9.401055574417114258e-01
-8.144090175628662109e-01
-5.856207609176635742e-01
-1.890198439359664917e-01
-6.241050735116004944e-02
-2.028054893016815186e-01
8.076524734497070312e-02
-1.594820022583007812e+00
-1.089239954948425293e+00
-6.698762178421020508e-01
-1.351513028144836426e+00
-8.534581065177917480e-01
-4.686988592147827148e-01
-3.291628837585449219e+00
-1.661404371261596680e+00
-4.936455488204956055e-01
-1.382545113563537598e+00
-1.443211317062377930e+00
-1.193238615989685059e+00
-7.706944346427917480e-01
-1.093852162361145020e+00
-1.770558118820190430e+00
-1.733534216880798340e+00
-8.408645987510681152e-01
-8.297240734100341797e-01
-2.213517129421234131e-01
2.560332119464874268e-01
-8.993087410926818848e-01
-5.837075710296630859e-01
-1.669511348009109497e-01
-2.707155466079711914e+00
5.151596665382385254e-01
-6.635515689849853516e-01
-1.774613857269287109e-01
-1.222063899040222168e+00
-1.090503573417663574e+00
-1.543448448181152344e+00
-7.160284519195556641e-01
-1.834834098815917969e+00
-2.061779975891113281e+00
-3.032405853271484375e+00
-1.239924311637878418e+00
3.390194773674011230e-01
-4.492350816726684570e-01
-1.595245957374572754e+00
1.613534212112426758e+00
-3.062192916870117188e+00
-1.180332183837890625e+00
-8.136689662933349609e-02
-6.399358510971069336e-01
-2.520480155944824219e-01
-1.379862308502197266e+00
-1.568784117698669434e+00
-1.589418411254882812e+00
-9.979332685470581055e-01
-6.603091359138488770e-01
-2.790503263473510742e+00
1.487028360366821289e+00
1.084193587303161621e+00
-5.369431376457214355e-01
-1.851301670074462891e+00
-1.774034500122070312e+00
-1.049929976463317871e+00
-4.594555497169494629e-01
5.065080523490905762e-02
-1.148741364479064941e+00
2.212748229503631592e-01
-1.573485255241394043e+00
-3.805383145809173584e-01
-1.028346180915832520e+00
1.017162561416625977e+00
-1.295449852943420410e+00
-1.347313821315765381e-01
-4.490441083908081055e-02
-8.393621444702148438e-01
-1.172784566879272461e+00
1.562038809061050415e-01
-9.866331219673156738e-01
8.012170195579528809e-01
1.229412779211997986e-01
-1.067981600761413574e+00
-1.798281073570251465e+00
6.937237977981567383e-01
-4.588025510311126709e-01
-8.124085664749145508e-01
-2.226243019104003906e+00
-1.821564316749572754e+00
-1.587572336196899414e+00
8.401765227317810059e-01
-1.655138969421386719e+00
-2.280135393142700195e+00
-1.131210207939147949e+00
-2.590562582015991211e+00
-1.554932713508605957e+00
-1.158957362174987793e+00
-6.241259574890136719e-01
-2.223146200180053711e+00
-7.221962809562683105e-01
-1.864871501922607422e+00
1.272055804729461670e-01
-8.955482244491577148e-01
-1.611279845237731934e+00
-1.925326824188232422e+00
-1.091391682624816895e+00
-3.269877910614013672e+00
-7.738763093948364258e-01
-1.263239502906799316e+00
-7.957715541124343872e-02
-9.864379763603210449e-01
-1.479402899742126465e+00
-9.369820952415466309e-01
-6.142438650131225586e-01
-1.001828551292419434e+00
-1.814078927040100098e+00
-1.790766000747680664e+00
-1.431952118873596191e+00
-2.120507806539535522e-01
-2.222695827484130859e+00
-8.026121854782104492e-01
-2.460905790328979492e+00
-1.771882891654968262e+00
-2.147043228149414062e+00
-1.301426053047180176e+00
-1.936837673187255859e+00
-1.152783632278442383e+00
-1.312685370445251465e+00
-1.581970810890197754e+00
-7.144454121589660645e-01
-2.097871780395507812e+00
7.651861310005187988e-01
-1.278571963310241699e+00
-3.059481859207153320e+00
2.932173907756805420e-01
-7.885040044784545898e-01
-4.063590168952941895e-01
-4.396586418151855469e-01
-1.215716004371643066e+00
-1.895166158676147461e+00
-1.275339007377624512e+00
-1.569912433624267578e+00
-9.668198823928833008e-01
-1.783031225204467773e+00
-1.551541447639465332e+00
-1.279301404953002930e+00
-6.391406059265136719e-01
-2.750786542892456055e-01
4.254510626196861267e-02
-2.156610041856765747e-01
5.294618606567382812e-01
-3.143417537212371826e-01
-7.819960713386535645e-01
2.980682551860809326e-01
-9.272017478942871094e-01
-5.785399675369262695e-01
-3.173459291458129883e+00
-1.165018916130065918e+00
-1.311348676681518555e+00
-2.011491775512695312e+00
-1.323416709899902344e+00
-1.310877650976181030e-01
-1.471449851989746094e+00
-8.724209666252136230e-01
-2.684742808341979980e-01
-5.100405216217041016e-01
-2.292217731475830078e+00
-1.746022142469882965e-02
3.435332477092742920e-01
4.546649381518363953e-02
8.586634397506713867e-01
-5.482967495918273926e-01
-1.082161664962768555e-01
4.263312518596649170e-01
-7.575654387474060059e-01
-5.432491302490234375e-01
-4.424099996685981750e-02
-4.539336562156677246e-01
-8.426195979118347168e-01
-2.675225257873535156e+00
-4.679252803325653076e-01
-6.465822458267211914e-01
-1.345166802406311035e+00
-9.752386212348937988e-01
1.731792092323303223e-01
-4.272460043430328369e-01
-1.430472970008850098e+00
-1.528202176094055176e+00
-3.416980803012847900e-01
-2.273861885070800781e+00
-1.889003872871398926e+00
-1.971537113189697266e+00
-1.423007965087890625e+00
-8.496214747428894043e-01
-6.971259117126464844e-01
-2.715672969818115234e+00
-2.746821165084838867e+00
-1.524593591690063477e+00
-1.384484529495239258e+00
-8.174747824668884277e-01
-1.217083692550659180e+00
-1.436401605606079102e+00
-1.666936635971069336e+00
-1.713753342628479004e+00
-1.990837097167968750e+00
-1.002059459686279297e+00
-7.446355819702148438e-01
-2.647371530532836914e+00
-1.888890624046325684e+00
-1.701573491096496582e+00
-1.230916142463684082e+00
-1.923452138900756836e+00
-1.725034475326538086e+00
-1.081911325454711914e+00
-1.731142997741699219e+00
-1.536766171455383301e+00
-4.089198112487792969e-01
-1.354401230812072754e+00
-1.214757323265075684e+00
-1.356531143188476562e+00
-1.590316891670227051e+00
-1.456566095352172852e+00
-1.819849491119384766e+00
-1.354514241218566895e+00
-1.663729190826416016e+00
-1.647845387458801270e+00
1.192210614681243896e-01
-1.920821547508239746e+00
-1.057035803794860840e+00
5.362283438444137573e-02
-1.707419395446777344e+00
-1.968033432960510254e+00
-1.195454239845275879e+00
-1.226180672645568848e+00
-1.599167704582214355e+00
6.373148411512374878e-02
-1.731796860694885254e+00
-8.007385730743408203e-01
-2.010593414306640625e+00
-1.974131226539611816e+00
-2.630285263061523438e+00
-1.168442487716674805e+00
-1.069400191307067871e+00
-3.137513875961303711e+00
-7.839298844337463379e-01
-2.238448381423950195e+00
-1.819482088088989258e+00
-1.994970679283142090e+00
-1.302983522415161133e+00
-9.023075699806213379e-01
-1.161776065826416016e+00
-8.605005741119384766e-01
-1.103472709655761719e+00
-2.421186208724975586e+00
-1.144588947296142578e+00
-9.733737707138061523e-01
-1.587026000022888184e+00
-3.274964690208435059e-01
-2.072638750076293945e+00
-2.445193052291870117e+00
-1.930047512054443359e+00
-1.030113935470581055e+00
-1.241599321365356445e+00
-3.880064725875854492e+00
-2.396498203277587891e+00
-1.574992775917053223e+00
-1.626845717430114746e+00
-1.331506967544555664e-01
-4.533912539482116699e-01
-1.410876750946044922e+00
-8.793290257453918457e-01
-1.056970000267028809e+00
1.938356310129165649e-01
-1.987176656723022461e+00
-2.132135629653930664e+00
-2.350219726562500000e+00
-6.568875908851623535e-01
-1.646559685468673706e-01
-1.527375817298889160e+00
-2.159432649612426758e+00
-7.221974134445190430e-01
-6.744918823242187500e-01
-5.339653491973876953e-01
-4.164045333862304688e+00
-1.529050230979919434e+00
-1.791354060173034668e+00
1.632875800132751465e+00
-2.286636829376220703e+00
-1.828259348869323730e+00
-1.554355144500732422e+00
-1.437337279319763184e+00
8.026052117347717285e-01
-8.411751985549926758e-01
-1.956353068351745605e+00
-1.548955082893371582e+00
-1.411391615867614746e+00
-7.468803226947784424e-02
-1.508963227272033691e+00
-5.769859254360198975e-02
-9.963557124137878418e-01
-3.892085254192352295e-01
-2.038394927978515625e+00
-6.134969592094421387e-01
-1.421900272369384766e+00
-1.090344786643981934e+00
-6.623691320419311523e-01
-1.680476546287536621e+00
-4.322119951248168945e-01
-2.070202112197875977e+00
-2.183486938476562500e+00
-8.317043781280517578e-01
-2.663448452949523926e-01
-4.604221284389495850e-01
-8.401274085044860840e-01
-1.261117696762084961e+00
-5.369154810905456543e-01
-1.169546008110046387e+00
6.459724307060241699e-01
-2.737184464931488037e-01
-1.011082768440246582e+00
-1.662965536117553711e+00
-1.630046367645263672e+00
-7.032392024993896484e-01
-2.103266954421997070e+00
-8.813905715942382812e-01
-1.218343853950500488e+00
-1.635263442993164062e+00
-2.170995235443115234e+00
-7.430210709571838379e-01
-1.680269837379455566e+00
-1.862387061119079590e+00
-2.486863136291503906e+00
-8.694794774055480957e-01
5.214099884033203125e-01
-2.027967691421508789e+00
-8.615820407867431641e-01
-1.031721115112304688e+00
-2.105008602142333984e+00
-1.018690824508666992e+00
-6.424511075019836426e-01
-1.690309047698974609e+00
-1.984174728393554688e+00
-1.211728692054748535e+00
-1.671079635620117188e+00
-1.373042702674865723e+00
-2.965372800827026367e-01
-1.328625321388244629e+00
-1.049441099166870117e+00
-8.447138667106628418e-01
-8.886303305625915527e-01
-4.030625820159912109e-01
-8.387655615806579590e-01
-7.150192856788635254e-01
-1.854011774063110352e+00
-1.545048236846923828e+00
-1.206393957138061523e+00
-2.836719751358032227e-01
-1.128545641899108887e+00
-8.578001260757446289e-01
-1.215679764747619629e+00
-8.456966876983642578e-01
-8.372400999069213867e-01
-8.019295930862426758e-01
-6.037434935569763184e-01
-7.169119119644165039e-01
-1.248932361602783203e+00
-9.661601185798645020e-01
-2.186404228210449219e+00
-1.919899702072143555e+00
-1.090083003044128418e+00
-1.451969265937805176e+00
-1.346210718154907227e+00
-5.678810477256774902e-01
-2.855881214141845703e+00
-1.257819771766662598e+00
-1.680496811866760254e+00
-1.094951629638671875e+00
-3.171457946300506592e-01
-1.333534836769104004e+00
-2.471984624862670898e+00
-1.582274556159973145e+00
-1.075564324855804443e-01
-1.109292745590209961e+00
-7.688195705413818359e-01
-3.635419309139251709e-01
-1.351963520050048828e+00
-1.695772171020507812e+00
-1.632332444190979004e+00
-1.408814549446105957e+00
-9.916453361511230469e-01
-5.083059668540954590e-01
-5.999680757522583008e-01
-5.089389085769653320e-01
-1.429462194442749023e+00
-1.047770857810974121e+00
-1.028782486915588379e+00
-1.640362381935119629e+00
-1.882063746452331543e+00
-1.354560494422912598e+00
-2.968929290771484375e+00
-2.049721717834472656e+00
-7.032710313796997070e-01
-1.106000661849975586e+00
-1.350439786911010742e+00
-2.223818540573120117e+00
-1.355556130409240723e+00
-1.735417485237121582e+00
-6.652772426605224609e-01
-9.984049797058105469e-01
-1.496584534645080566e+00
-6.335048675537109375e-01
-6.917172670364379883e-01
-1.227586984634399414e+00
-8.645313978195190430e-01
-1.323619842529296875e+00
3.048821389675140381e-01
-1.013296604156494141e+00
-2.045208454132080078e+00
-2.486868619918823242e+00
-1.698850035667419434e+00
-1.243521213531494141e+00
-1.901735782623291016e+00
-1.899227499961853027e+00
-2.299449205398559570e+00
-1.342649936676025391e+00
-6.285263895988464355e-01
-8.318964242935180664e-01
-1.416571259498596191e+00
-1.101050138473510742e+00
-2.025935649871826172e+00
-9.651824831962585449e-01
-1.854435563087463379e+00
-2.656125068664550781e+00
5.912818908691406250e-01
-7.211312651634216309e-01
1.816093176603317261e-01
-5.248937010765075684e-01
-9.834920987486839294e-03
4.029262438416481018e-02
-3.394449651241302490e-01
2.212020456790924072e-01
-2.636243343353271484e+00
-1.689478158950805664e+00
-1.640899777412414551e+00
-9.395147562026977539e-01
1.399706304073333740e-01
-2.759406268596649170e-01
-7.982884049415588379e-01
-8.514459729194641113e-01
1.001482725143432617e+00
-6.539310812950134277e-01
-1.144038438796997070e+00
-1.003326535224914551e+00
-9.047070741653442383e-01
-9.365840554237365723e-01
-1.585510969161987305e+00
-1.882575988769531250e+00
-1.971303939819335938e+00
-1.500916719436645508e+00
-1.321609497070312500e+00
-1.011778235435485840e+00
-1.401669740676879883e+00
-1.059444427490234375e+00
-9.848619699478149414e-01
-1.638545036315917969e+00
-6.954199075698852539e-01
-2.196022987365722656e+00
-1.394293069839477539e+00
-1.939872741699218750e+00
1.623576134443283081e-01
-7.114594578742980957e-01
-4.041014909744262695e-01
-1.260446786880493164e+00
1.802107840776443481e-01
-8.285719156265258789e-01
-7.693392634391784668e-01
-7.784644365310668945e-01
-1.038913130760192871e+00
-6.492613554000854492e-01
-1.099220991134643555e+00
-1.188803791999816895e+00
-7.404115200042724609e-01
-1.429056048393249512e+00
-1.024472951889038086e+00
-1.265212416648864746e+00
-1.413441181182861328e+00
-1.657355278730392456e-01
-1.466436028480529785e+00
-2.200940996408462524e-01
-1.315690875053405762e-01
-1.198093891143798828e+00
-1.428390741348266602e+00
-2.130508899688720703e+00
-8.254687190055847168e-01
-1.426133990287780762e+00
-1.574566602706909180e+00
-5.226415395736694336e-01
-1.339474439620971680e+00
-1.166321873664855957e+00
-1.503991842269897461e+00
-1.481020212173461914e+00
-7.268880009651184082e-01
-2.967939376831054688e+00
-2.166604280471801758e+00
-1.574691534042358398e+00
-2.340088933706283569e-01
-1.694410920143127441e+00
-1.448023319244384766e+00
-1.619756668806076050e-01
2.018233761191368103e-02
-4.995377957820892334e-01
8.753631263971328735e-03
1.134638309478759766e+00
-1.412336111068725586e+00
-1.058619856834411621e+00
-1.244110226631164551e+00
-1.983229637145996094e+00
-3.592406511306762695e+00
-2.273018836975097656e+00
-2.335543781518936157e-01
-1.275812149047851562e+00
-3.812434673309326172e-01
-9.692757725715637207e-01
-1.545593976974487305e+00
-1.392404198646545410e+00
-4.911553561687469482e-01
-4.783460497856140137e-01
-9.057157635688781738e-01
-1.614772796630859375e+00
-1.631060123443603516e+00
-1.010050535202026367e+00
-5.039061903953552246e-01
-2.527397871017456055e-01
-7.984737753868103027e-01
-2.601168155670166016e-01
-3.844662904739379883e-01
-3.421961069107055664e-01
-1.482254624366760254e+00
-1.031911373138427734e+00
-7.717737928032875061e-03
-2.179277688264846802e-01
1.258302330970764160e-01
-1.944755196571350098e+00
-6.077068448066711426e-01
-1.321244478225708008e+00
-2.067725419998168945e+00
-6.157032847404479980e-01
-1.148427844047546387e+00
2.385789453983306885e-01
-8.514020442962646484e-01
-1.180735349655151367e+00
-9.512593150138854980e-01
-9.729290604591369629e-01
-2.653382539749145508e+00
-1.580999255180358887e+00
-1.833891272544860840e+00
-1.374852538108825684e+00
-1.117513895034790039e+00
-1.434867620468139648e+00
-2.037012815475463867e+00
-8.742145895957946777e-01
-5.491061806678771973e-01
-1.365482807159423828e+00
-1.219654321670532227e+00
-2.241715908050537109e+00
-2.754678249359130859e+00
-8.297924399375915527e-01
2.885273471474647522e-02
-8.605773448944091797e-01
-1.087663650512695312e+00
-7.858378291130065918e-01
-3.268093466758728027e-01
-5.945335030555725098e-01
-6.908292174339294434e-01
-1.995044946670532227e+00
-1.164298772811889648e+00
-1.667853355407714844e+00
-1.937884330749511719e+00
-1.308094501495361328e+00
-5.089014172554016113e-01
-1.283430814743041992e+00
-1.045603036880493164e+00
7.918944954872131348e-01
-1.468485951423645020e+00
-8.284947276115417480e-01
-5.858576297760009766e-01
-2.130147457122802734e+00
-1.681561231613159180e+00
-1.502657890319824219e+00
-1.178659200668334961e+00
-9.504200816154479980e-01
-1.477009296417236328e+00
-1.877217411994934082e+00
-1.433875083923339844e+00
-8.711689710617065430e-01
-1.212796807289123535e+00
-5.960083007812500000e-01
-5.031100511550903320e-01
-5.793025493621826172e-01
-1.191356420516967773e+00
-8.297345042228698730e-01
2.534207515418529510e-02
-2.842961549758911133e-01
-6.610958576202392578e-01
-1.090737700462341309e+00
-1.003280997276306152e+00
-6.883123517036437988e-01
-1.974800944328308105e+00
-1.360236167907714844e+00
-3.219198286533355713e-01
-1.239908456802368164e+00
-1.373875975608825684e+00
-1.310697436332702637e+00
-1.826235294342041016e+00
-1.655223011970520020e+00
-9.053236246109008789e-01
-1.099564909934997559e+00
-1.282597780227661133e+00
-1.546381831169128418e+00
-1.312977433204650879e+00
-1.541752576828002930e+00
-1.109512969851493835e-01
-1.903890967369079590e+00
-1.200925350189208984e+00
-9.599283933639526367e-01
-1.312857508659362793e+00
-1.190241694450378418e+00
-1.238991737365722656e+00
-2.601108551025390625e-01
-1.001670718193054199e+00
-1.176842451095581055e+00
-1.804671645164489746e+00
-1.588824391365051270e+00
-2.486491680145263672e+00
-3.120645284652709961e+00
-1.971648812294006348e+00
-1.411404967308044434e+00
-4.241125285625457764e-01
-5.946397185325622559e-01
-8.559656143188476562e-01
-1.318557143211364746e+00
-2.185996055603027344e+00
-1.376414179801940918e+00
-1.301254749298095703e+00
-1.418869256973266602e+00
-4.349452853202819824e-01
-1.412885069847106934e+00
-1.120414972305297852e+00
-6.818376183509826660e-01
-2.133091449737548828e+00
-1.986521244049072266e+00
-1.161703586578369141e+00
-2.065921306610107422e+00
-2.462292194366455078e+00
-1.251738190650939941e+00
-1.413950800895690918e+00
-2.061653852462768555e+00
-2.439142227172851562e+00
-1.288003802299499512e+00
-1.963244318962097168e+00
-2.588067770004272461e+00
-2.707943439483642578e+00
-2.606245756149291992e+00
-1.683734655380249023e+00
-1.385196328163146973e+00
-1.558068871498107910e+00
-1.197860598564147949e+00
-1.161503911018371582e+00
-2.493370056152343750e+00
-1.569573283195495605e+00
-1.780741214752197266e+00
-2.022291183471679688e+00
-1.722640037536621094e+00
-1.020717859268188477e+00
-1.240861535072326660e+00
-1.935716152191162109e+00
-1.373535156250000000e+00
-1.870316743850708008e+00
-1.018321871757507324e+00
-1.441227674484252930e+00
-1.168360352516174316e+00
-1.731415867805480957e+00
-2.839740514755249023e+00
-2.885610580444335938e+00
-1.478613138198852539e+00
-8.693347126245498657e-02
-2.510065555572509766e+00
-1.999119162559509277e+00
-1.611711978912353516e+00
-1.836108922958374023e+00
-1.423276901245117188e+00
-2.228925704956054688e+00
-1.038665294647216797e+00
-9.117023348808288574e-01
-1.584185600280761719e+00
-8.020213246345520020e-01
-1.640650749206542969e+00
-2.264015436172485352e+00
-1.367851257324218750e+00
-1.429394245147705078e+00
-1.857550978660583496e+00
-1.464904308319091797e+00
-1.702382564544677734e+00
-1.806421637535095215e+00
-2.598695516586303711e+00
-1.757818222045898438e+00
-1.989458680152893066e+00
-2.243991374969482422e+00
-1.482401967048645020e+00
-1.981215476989746094e+00
-8.017213344573974609e-01
-1.971975803375244141e+00
-2.252135753631591797e+00
-1.503248214721679688e+00
-1.880027890205383301e+00
-2.050963640213012695e+00
-1.194988012313842773e+00
-1.492415428161621094e+00
-2.002784967422485352e+00
-2.434392929077148438e+00
-2.539597034454345703e+00
-1.562839627265930176e+00
-1.069645762443542480e+00
-2.090521097183227539e+00
-2.306829214096069336e+00
-2.258344173431396484e+00
-1.612935781478881836e+00
-9.436156749725341797e-01
-1.017031431198120117e+00
-1.083017945289611816e+00
-1.890844583511352539e+00
-1.747899174690246582e+00
-1.556778788566589355e+00
-1.023242115974426270e+00
-1.791786670684814453e+00
-2.317461729049682617e+00
-2.274866580963134766e+00
-1.993510603904724121e+00
-1.921810865402221680e+00
-2.079930305480957031e+00
-1.583824992179870605e+00
-9.932606220245361328e-01
-2.333282232284545898e+00
-2.667321920394897461e+00
-1.956147432327270508e+00
-2.291399955749511719e+00
-2.523540019989013672e+00
-1.231631636619567871e+00
-1.578726887702941895e+00
-2.568879842758178711e+00
-2.470180988311767578e+00
-1.478679418563842773e+00
-2.589680671691894531e+00
-2.603118896484375000e+00
-2.622219800949096680e+00
-1.907974958419799805e+00
-1.210474491119384766e+00
-2.183996915817260742e+00
-2.706054687500000000e+00
-1.554855585098266602e+00
-2.974731445312500000e+00
-1.764615297317504883e+00
-2.493369102478027344e+00
-1.078333973884582520e+00
-1.774903535842895508e+00
-1.978923320770263672e+00
-2.682878971099853516e+00
-1.952254891395568848e+00
-1.534064888954162598e+00
-2.481280565261840820e+00
-2.638489246368408203e+00
-1.424904346466064453e+00
-2.713238477706909180e+00
-1.940054893493652344e+00
-2.215863227844238281e+00
-1.630910396575927734e+00
-9.598501324653625488e-01
-1.165401220321655273e+00
-1.984951853752136230e+00
-1.093371868133544922e+00
-9.823818802833557129e-01
-8.582238554954528809e-01
-1.508884906768798828e+00
-1.617979407310485840e+00
-1.255905628204345703e+00
-1.658151865005493164e+00
-9.167622923851013184e-01
-1.803242206573486328e+00
-1.693976402282714844e+00
-2.725979804992675781e+00
-1.766983866691589355e+00
-1.428079843521118164e+00
-1.191478371620178223e+00
-2.185431718826293945e+00
-2.068029165267944336e+00
-1.898261189460754395e+00
-1.991153240203857422e+00
-2.295084238052368164e+00
-1.983182430267333984e+00
-2.082199811935424805e+00
-2.280986547470092773e+00
-1.766669988632202148e+00
-1.976373553276062012e+00
-2.214741468429565430e+00
-2.406584501266479492e+00
-2.457780599594116211e+00
-1.780323743820190430e+00
-1.948506593704223633e+00
-1.496770501136779785e+00
-2.131124258041381836e+00
-2.784982204437255859e+00
-1.028693914413452148e+00
-2.359243631362915039e+00
-2.138715028762817383e+00
-1.189718961715698242e+00
-1.713509917259216309e+00
-1.914454579353332520e+00
-1.935791373252868652e+00
-2.044790983200073242e+00
-7.444733977317810059e-01
-1.901656746864318848e+00
-1.799723744392395020e+00
-2.471999883651733398e+00
-2.433828592300415039e+00
-1.579791426658630371e+00
-1.734923243522644043e+00
-2.018193960189819336e+00
-2.390891551971435547e+00
-4.971711635589599609e-01
-1.462763190269470215e+00
-3.658361434936523438e-01
-1.753137588500976562e+00
-1.563651442527770996e+00
-2.690563917160034180e+00
-1.897603869438171387e+00
-1.486170649528503418e+00
-1.683941364288330078e+00
-2.334873914718627930e+00
-2.082831621170043945e+00
-1.338342308998107910e+00
-1.734688639640808105e+00
-6.858504414558410645e-01
-1.785467982292175293e+00
-1.672204852104187012e+00
-2.460639238357543945e+00
-2.533776760101318359e+00
-1.925709009170532227e+00
-2.243588447570800781e+00
-1.819747686386108398e+00
-1.723057270050048828e+00
-2.022885799407958984e+00
-1.827642917633056641e+00
-1.547306776046752930e+00
-2.150043964385986328e+00
-1.272804021835327148e+00
-2.646028995513916016e+00
-2.089770078659057617e+00
-1.084278941154479980e+00
-1.960042119026184082e+00
-1.796594858169555664e+00
-2.434070587158203125e+00
-2.595910787582397461e+00
-2.315933465957641602e+00
-1.206295728683471680e+00
-2.023704051971435547e+00
-1.961046576499938965e+00
-2.043485879898071289e+00
-1.333755731582641602e+00
-8.878886699676513672e-01
-2.143033742904663086e+00
-2.211907863616943359e+00
-1.414206862449645996e+00
-1.845000863075256348e+00
-2.379150629043579102e+00
-1.359496593475341797e+00
-1.998346090316772461e+00
-2.111150979995727539e+00
-1.374425172805786133e+00
-9.081733226776123047e-01
-1.610175132751464844e+00
-1.807718753814697266e+00
-1.581417560577392578e+00
-1.655384540557861328e+00
-1.486480474472045898e+00
-1.707307338714599609e+00
-2.072093725204467773e+00
-1.765814185142517090e+00
-1.896708965301513672e+00
-2.910510778427124023e+00
-1.740987062454223633e+00
-2.142690181732177734e+00
-2.591634988784790039e+00
-1.753110170364379883e+00
-1.702832579612731934e+00
-9.960346817970275879e-01
-1.521188378334045410e+00
-2.213962316513061523e+00
-1.352769732475280762e+00
-1.586430191993713379e+00
-2.090271472930908203e+00
-1.930180311203002930e+00
-2.624796152114868164e+00
-1.718276143074035645e+00
-2.312731266021728516e+00
-2.063554048538208008e+00
-1.101951718330383301e+00
-2.603287220001220703e+00
-1.891345024108886719e+00
-2.114429235458374023e+00
-1.701973676681518555e+00
-1.155714035034179688e+00
-2.537039518356323242e+00
-1.519648075103759766e+00
-1.363731622695922852e+00
-2.395402431488037109e+00
-2.622543573379516602e+00
-2.278799533843994141e+00
-2.278625965118408203e+00
-2.023088693618774414e+00
-1.718448042869567871e+00
-2.218111753463745117e+00
-2.161373615264892578e+00
-3.564744234085083008e+00
-2.920348644256591797e+00
-2.410004615783691406e+00
-2.608199596405029297e+00
-2.659082889556884766e+00
-2.860657691955566406e+00
-4.085194587707519531e+00
-4.298516273498535156e+00
-3.055411815643310547e+00
-3.505479097366333008e+00
-3.593636751174926758e+00
-2.903499126434326172e+00
-2.157833099365234375e+00
-2.999370574951171875e+00
-2.819273948669433594e+00
-2.722100257873535156e+00
-2.819504976272583008e+00
-2.690263032913208008e+00
-2.475746154785156250e+00
-2.247231960296630859e+00
-1.588246703147888184e+00
-1.544017195701599121e+00
-2.772725582122802734e+00
-2.639085054397583008e+00
-2.752621412277221680e+00
-2.530305147171020508e+00
-2.470983743667602539e+00
-2.937974691390991211e+00
-2.060314178466796875e+00
-1.715528249740600586e+00
-2.351595163345336914e+00
-1.811719298362731934e+00
-2.901393413543701172e+00
-1.942249655723571777e+00
-1.561647295951843262e+00
-1.389127492904663086e+00
-2.418238162994384766e+00
-1.790195941925048828e+00
-1.881950616836547852e+00
-2.163179397583007812e+00
-1.631932377815246582e+00
-2.583005428314208984e+00
-1.788571476936340332e+00
-1.982739686965942383e+00
-2.237111330032348633e+00
-2.229613542556762695e+00
-1.275715947151184082e+00
-2.147249698638916016e+00
-1.335974693298339844e+00
-1.801960825920104980e+00
-1.696232318878173828e+00
-2.124786138534545898e+00
-2.102516651153564453e+00
-1.782911658287048340e+00
-2.568183898925781250e+00
-1.645772695541381836e+00
-1.930021047592163086e+00
-2.179870128631591797e+00
-1.612789869308471680e+00
-1.744052410125732422e+00
-2.025150299072265625e+00
-2.230741262435913086e+00
-2.012571811676025391e+00
-1.586776733398437500e+00
-1.365591287612915039e+00
-1.518942952156066895e+00
-1.478620886802673340e+00
-1.597499966621398926e+00
-2.207719564437866211e+00
-3.236887216567993164e+00
-2.860807180404663086e+00
-1.964293122291564941e+00
-2.284955978393554688e+00
-2.372494459152221680e+00
-1.736723899841308594e+00
-1.487438201904296875e+00
-1.622433423995971680e+00
-1.791718840599060059e+00
-2.091984987258911133e+00
-2.241528034210205078e+00
-2.159582853317260742e+00
-1.834651350975036621e+00
-2.215590238571166992e+00
-1.515272021293640137e+00
-1.491810083389282227e+00
-9.723878502845764160e-01
-1.821555137634277344e+00
-2.352335214614868164e+00
-2.623401403427124023e+00
-1.812547206878662109e+00
-1.917806625366210938e+00
-2.268679141998291016e+00
-2.020027637481689453e+00
-2.275081634521484375e+00
-2.763978719711303711e+00
-2.087568521499633789e+00
-1.615700602531433105e+00
-2.038436651229858398e+00
-2.187022686004638672e+00
-1.029473900794982910e+00
-2.043053150177001953e+00
-1.771689772605895996e+00
-2.738593101501464844e+00
-2.653635501861572266e+00
-2.622056722640991211e+00
-2.152082681655883789e+00
-2.925656080245971680e+00
-3.450819253921508789e+00
-2.303856134414672852e+00
-1.955787062644958496e+00
-2.562196493148803711e+00
-2.675263643264770508e+00
-2.198052883148193359e+00
-2.803833961486816406e+00
-1.924395084381103516e+00
-1.988816142082214355e+00
-2.576352596282958984e+00
-1.278857350349426270e+00
-2.985532045364379883e+00
-2.482331037521362305e+00
-3.393597841262817383e+00
-2.941828012466430664e+00
-2.141711711883544922e+00
-2.479172945022583008e+00
-2.201794385910034180e+00
-1.666355609893798828e+00
-1.308157324790954590e+00
-3.057290077209472656e+00
-2.196824073791503906e+00
-1.932147979736328125e+00
-1.968461394309997559e+00
-2.258446693420410156e+00
-2.419901609420776367e+00
-1.731663465499877930e+00
-2.131702184677124023e+00
-1.870913982391357422e+00
-2.574556827545166016e+00
-3.010951757431030273e+00
-2.364495754241943359e+00
-2.423699378967285156e+00
-1.981318473815917969e+00
-2.601218700408935547e+00
-2.241024255752563477e+00
-1.658269643783569336e+00
-7.729745507240295410e-01
-3.537383556365966797e+00
-3.097523689270019531e+00
-3.205333232879638672e+00
-2.992426633834838867e+00
-3.333460569381713867e+00
-2.711104393005371094e+00
-2.119764089584350586e+00
-2.695298671722412109e+00
-2.735833883285522461e+00
-3.136404275894165039e+00
-3.506830692291259766e+00
-2.873439788818359375e+00
-3.003206729888916016e+00
-2.860098838806152344e+00
-2.711556673049926758e+00
-2.245723009109497070e+00
-3.142167806625366211e+00
-2.685109615325927734e+00
-2.826631307601928711e+00
-2.927532196044921875e+00
-3.251898765563964844e+00
-3.204804420471191406e+00
-2.392153024673461914e+00
-2.511707067489624023e+00
-2.654461622238159180e+00
-2.272878408432006836e+00
-2.869365215301513672e+00
-1.427482128143310547e+00
-2.113825321197509766e+00
-1.742737054824829102e+00
-2.204958200454711914e+00
-2.561251163482666016e+00
-3.172421693801879883e+00
-2.591054439544677734e+00
-2.871068954467773438e+00
-2.379066944122314453e+00
-2.588871002197265625e+00
-2.616293668746948242e+00
-2.401389598846435547e+00
-1.782076954841613770e+00
-2.738586425781250000e+00
-2.533681631088256836e+00
-2.575237989425659180e+00
-2.411096334457397461e+00
-2.633172750473022461e+00
-2.544175624847412109e+00
-3.291832447052001953e+00
-1.649214386940002441e+00
-2.208446025848388672e+00
-3.295708656311035156e+00
-2.855919122695922852e+00
-2.472937822341918945e+00
-2.746360063552856445e+00
-3.307991504669189453e+00
-2.864587306976318359e+00
-2.285686969757080078e+00
-2.643469810485839844e+00
-2.698595762252807617e+00
-2.196068286895751953e+00
-2.758038997650146484e+00
-2.649521350860595703e+00
-2.524745941162109375e+00
-1.878118991851806641e+00
-2.457943439483642578e+00
-1.548074722290039062e+00
-2.565978288650512695e+00
-2.755380392074584961e+00
-3.883941888809204102e+00
-3.391046762466430664e+00
-2.884322166442871094e+00
-2.550784349441528320e+00
-2.710032224655151367e+00
-2.470661401748657227e+00
-2.952876567840576172e+00
-2.560021638870239258e+00
-3.027506589889526367e+00
-1.980410575866699219e+00
-2.558588981628417969e+00
-1.734855890274047852e+00
-2.297338247299194336e+00
-2.062622547149658203e+00
-2.429131984710693359e+00
-2.427269458770751953e+00
-2.543790817260742188e+00
-1.813363432884216309e+00
-2.866510629653930664e+00
-2.325833320617675781e+00
-2.342430114746093750e+00
-2.588740825653076172e+00
-3.167880296707153320e+00
-2.606443405151367188e+00
-2.327699184417724609e+00
-1.784244775772094727e+00
-3.029765367507934570e+00
-3.084281921386718750e+00
-3.193622589111328125e+00
-3.146630764007568359e+00
-2.664085388183593750e+00
-2.362071037292480469e+00
-1.813980698585510254e+00
-2.422662258148193359e+00
-3.043784618377685547e+00
-2.203523159027099609e+00
-1.903327107429504395e+00
-2.062076091766357422e+00
-3.084443330764770508e+00
-2.907956361770629883e+00
-2.355230569839477539e+00
-1.805597305297851562e+00
-1.269607543945312500e+00
-2.158639669418334961e+00
-1.884041070938110352e+00
-1.753557205200195312e+00
-2.783354759216308594e+00
-2.149242401123046875e+00
-2.550398588180541992e+00
-2.274506092071533203e+00
-2.229551076889038086e+00
-2.177319526672363281e+00
-2.684972524642944336e+00
-2.652554273605346680e+00
-1.785597085952758789e+00
-2.413343429565429688e+00
-2.061432600021362305e+00
-3.067348241806030273e+00
-2.225881814956665039e+00
-2.135873317718505859e+00
-2.005864620208740234e+00
-1.555745840072631836e+00
-2.498086690902709961e+00
-1.773921489715576172e+00
-2.734188795089721680e+00
-2.763306856155395508e+00
-2.503764867782592773e+00
-3.992067813873291016e+00
-2.691326856613159180e+00
-1.705536127090454102e+00
-1.986999750137329102e+00
-1.564410090446472168e+00
-2.127957344055175781e+00
-1.977158665657043457e+00
-1.867152929306030273e+00
-1.985196471214294434e+00
-2.165294408798217773e+00
-2.221565008163452148e+00
-2.422620534896850586e+00
-2.925747394561767578e+00
-2.608762264251708984e+00
-2.089828014373779297e+00
-9.811738133430480957e-01
-1.633161306381225586e+00
-2.289976835250854492e+00
-2.207547664642333984e+00
-2.198290348052978516e+00
-1.103904843330383301e+00
-1.665491938591003418e+00
-1.903749823570251465e+00
-1.534789443016052246e+00
-2.195406675338745117e+00
-1.894905090332031250e+00
-1.675938129425048828e+00
-2.473361730575561523e+00
-1.463179230690002441e+00
-1.194809794425964355e+00
-2.513273477554321289e+00
-1.881332159042358398e+00
-2.406686782836914062e+00
-3.114768981933593750e+00
