1.249792218208312988e+00
9.983782172203063965e-01
9.309952259063720703e-01
1.149158954620361328e+00
4.192058444023132324e-01
1.461214542388916016e+00
1.961323976516723633e+00
9.178314208984375000e-01
8.480505347251892090e-01
5.093349814414978027e-01
8.187487721443176270e-01
1.507099270820617676e-01
-3.199197351932525635e-01
3.332600295543670654e-01
1.039232373237609863e+00
6.942000985145568848e-01
1.125938221812248230e-01
3.714670836925506592e-01
-4.619760438799858093e-03
1.757474802434444427e-02
-1.645322591066360474e-01
-1.434609144926071167e-01
-2.217406183481216431e-01
-1.028228998184204102e+00
-6.749515235424041748e-02
-6.580781191587448120e-02
-2.666947603225708008e+00
6.944657862186431885e-02
1.530746459960937500e+00
1.283013582229614258e+00
-2.319009788334369659e-02
-1.121783852577209473e+00
-2.570495307445526123e-01
-8.917813897132873535e-01
7.878345847129821777e-01
2.586027085781097412e-01
-3.189915895462036133e+00
-1.653248906135559082e+00
-1.940306782722473145e+00
-2.647572755813598633e-01
2.902535915374755859e+00
1.634609937667846680e+00
1.210529327392578125e+00
3.815202474594116211e+00
3.530283927917480469e+00
2.745101451873779297e+00
3.222673654556274414e+00
2.790369093418121338e-01
-7.287721615284681320e-03
-1.685371041297912598e+00
-1.154076695442199707e+00
-1.669215917587280273e+00
1.190702199935913086e+00
-1.481118440628051758e+00
-1.297204375267028809e+00
-1.327188730239868164e+00
4.320384502410888672e+00
3.794208541512489319e-02
1.764280915260314941e+00
2.638835906982421875e+00
9.083373546600341797e-01
-3.215026140213012695e+00
3.351104736328125000e+00
3.636185452342033386e-02
-2.016864061355590820e+00
-9.021491557359695435e-02
-4.299868345260620117e-01
2.081268280744552612e-02
-1.287258863449096680e+00
-4.263491630554199219e-01
-4.039628505706787109e-01
1.394732594490051270e+00
7.674408555030822754e-01
1.592954277992248535e+00
7.250012755393981934e-01
4.527252197265625000e+00
5.873209238052368164e-01
-1.973700523376464844e+00
-4.485618174076080322e-01
1.823600530624389648e+00
2.199876308441162109e+00
3.154036760330200195e+00
4.317674040794372559e-01
1.180218458175659180e+00
2.394075155258178711e+00
7.238761782646179199e-01
1.468731522560119629e+00
1.897655487060546875e+00
-1.112187504768371582e+00
2.060464382171630859e+00
1.847739696502685547e+00
5.920828580856323242e-01
3.517071902751922607e-01
1.962373614311218262e+00
2.545686244964599609e+00
2.556375026702880859e+00
1.417217731475830078e+00
1.712594270706176758e+00
-5.001196861267089844e-01
2.004902839660644531e+00
1.913302898406982422e+00
4.434317350387573242e-02
1.067767858505249023e+00
6.555983424186706543e-01
6.340419054031372070e-01
1.446112632751464844e+00
1.426537752151489258e+00
2.332965135574340820e+00
3.464659929275512695e+00
2.375810146331787109e+00
2.022386789321899414e+00
1.977411866188049316e+00
2.271310567855834961e+00
2.677774906158447266e+00
3.255129337310791016e+00
3.055187225341796875e+00
1.443548679351806641e+00
2.948226928710937500e+00
9.289218187332153320e-01
2.609186649322509766e+00
3.038448810577392578e+00
3.025119543075561523e+00
2.055341958999633789e+00
2.077741146087646484e+00
1.348553776741027832e+00
3.380031108856201172e+00
1.498211979866027832e+00
1.719700336456298828e+00
1.963486433029174805e+00
2.717422962188720703e+00
2.077320814132690430e+00
1.679723501205444336e+00
1.991862177848815918e+00
1.134673476219177246e+00
2.538542747497558594e+00
1.078029751777648926e+00
1.903641939163208008e+00
1.442594289779663086e+00
1.129412889480590820e+00
1.179115772247314453e+00
1.439659357070922852e+00
1.644751548767089844e+00
3.244905471801757812e-01
3.856900632381439209e-01
2.311246395111083984e+00
2.125964879989624023e+00
1.238975524902343750e+00
6.398937702178955078e-01
2.871920347213745117e+00
8.259193301200866699e-01
1.985971927642822266e+00
1.423939466476440430e+00
1.821376323699951172e+00
1.451299667358398438e+00
1.701580524444580078e+00
1.806858658790588379e+00
1.136904239654541016e+00
1.177657008171081543e+00
1.150252342224121094e+00
3.289572954177856445e+00
1.635278463363647461e+00
1.324856996536254883e+00
1.525762557983398438e+00
1.498826146125793457e+00
1.457502365112304688e+00
2.679172277450561523e+00
1.303395628929138184e+00
1.394159317016601562e+00
1.479125499725341797e+00
1.638641953468322754e+00
9.151991009712219238e-01
1.338622450828552246e+00
2.130195617675781250e+00
1.741488575935363770e+00
1.223957777023315430e+00
1.626419067382812500e+00
1.974431276321411133e+00
8.704071044921875000e-01
8.300271630287170410e-01
1.848653197288513184e+00
1.173922538757324219e+00
1.182063698768615723e+00
2.447399616241455078e+00
1.416372656822204590e+00
1.608184456825256348e+00
1.625466823577880859e+00
2.112428903579711914e+00
1.091573119163513184e+00
6.890682578086853027e-01
2.285329818725585938e+00
1.951372981071472168e+00
1.538395404815673828e+00
2.025876998901367188e+00
5.306577682495117188e-01
1.863983154296875000e+00
1.461330413818359375e+00
1.940557241439819336e+00
8.040468692779541016e-01
2.231158733367919922e+00
5.096583962440490723e-01
1.790836334228515625e+00
2.141971588134765625e+00
1.445404648780822754e+00
9.253707528114318848e-01
1.606388688087463379e+00
1.145091176033020020e+00
8.549661040306091309e-01
4.962618947029113770e-01
2.391140699386596680e+00
2.554091930389404297e+00
7.983175516128540039e-01
2.494528532028198242e+00
2.577371835708618164e+00
3.017154932022094727e-01
9.167230725288391113e-01
2.674134969711303711e+00
3.611400365829467773e+00
1.006861567497253418e+00
2.100145816802978516e+00
7.839155197143554688e-01
1.926090002059936523e+00
1.699265122413635254e+00
1.466019988059997559e+00
1.628835916519165039e+00
1.340965986251831055e+00
2.151593208312988281e+00
3.559818029403686523e+00
2.220171213150024414e+00
2.542132437229156494e-01
1.053256630897521973e+00
1.239414215087890625e+00
1.904052972793579102e+00
-8.211608529090881348e-01
1.437317490577697754e+00
9.981284737586975098e-01
1.718075871467590332e+00
8.639541268348693848e-01
1.292262077331542969e+00
1.828610539436340332e+00
3.009690999984741211e+00
1.522558450698852539e+00
1.703520178794860840e+00
2.172828435897827148e+00
2.181911468505859375e+00
1.448816776275634766e+00
2.278989791870117188e+00
1.663798451423645020e+00
8.057076930999755859e-01
8.413789272308349609e-01
1.286934375762939453e+00
3.195645093917846680e+00
8.156177997589111328e-01
1.485262155532836914e+00
2.226369857788085938e+00
1.056860685348510742e+00
2.000454425811767578e+00
1.400744557380676270e+00
3.042889595031738281e+00
1.617120981216430664e+00
2.940130472183227539e+00
1.531628966331481934e+00
2.967652797698974609e+00
3.640586853027343750e+00
2.255700111389160156e+00
2.407995700836181641e+00
2.044024229049682617e+00
4.741254448890686035e-01
2.730684041976928711e+00
2.240118503570556641e+00
5.841870903968811035e-01
-7.726884484291076660e-01
2.157404184341430664e+00
2.460318803787231445e+00
3.306174755096435547e+00
3.069099426269531250e+00
1.923035264015197754e+00
1.362012743949890137e+00
3.121691226959228516e+00
1.933984756469726562e+00
1.303102493286132812e+00
1.408142685890197754e+00
1.817797303199768066e+00
1.270154833793640137e+00
2.184497833251953125e+00
1.355410695075988770e+00
9.207745194435119629e-01
2.194334983825683594e+00
2.146293878555297852e+00
2.197896718978881836e+00
2.622487545013427734e+00
1.382906436920166016e-01
1.562345504760742188e+00
1.670245170593261719e+00
2.574240684509277344e+00
1.629539251327514648e+00
1.774727702140808105e+00
2.953241109848022461e+00
6.726636886596679688e-01
1.946447849273681641e+00
1.328264594078063965e+00
3.309686422348022461e+00
1.837373137474060059e+00
5.153830051422119141e-01
1.550813674926757812e+00
2.961681127548217773e+00
2.717065572738647461e+00
2.579652547836303711e+00
2.021252155303955078e+00
2.341116189956665039e+00
1.589248895645141602e+00
2.454138517379760742e+00
2.960114002227783203e+00
1.061338067054748535e+00
2.027042865753173828e+00
1.287174344062805176e+00
3.986835479736328125e-01
2.310509204864501953e+00
1.418497323989868164e+00
3.408616542816162109e+00
2.590384185314178467e-01
2.099206447601318359e+00
2.499987840652465820e+00
3.693071842193603516e+00
8.958199620246887207e-01
2.301192998886108398e+00
2.420238733291625977e+00
2.570046901702880859e+00
1.106957674026489258e+00
1.952365398406982422e+00
1.814347386360168457e+00
2.423763990402221680e+00
2.384557008743286133e+00
2.405351161956787109e+00
2.025357723236083984e+00
2.256732940673828125e+00
1.549911141395568848e+00
1.991619110107421875e+00
1.031635165214538574e+00
2.323163747787475586e+00
1.267846703529357910e+00
1.688530087471008301e+00
1.534276962280273438e+00
1.862646341323852539e+00
2.461065292358398438e+00
2.778641223907470703e+00
1.138193845748901367e+00
9.688975811004638672e-01
1.981400609016418457e+00
2.011324405670166016e+00
5.516834259033203125e-01
5.277340412139892578e-01
1.938703775405883789e+00
8.682327866554260254e-01
2.874679565429687500e+00
3.468442916870117188e+00
2.948586463928222656e+00
2.137114763259887695e+00
1.520366519689559937e-01
1.844216704368591309e+00
1.621978521347045898e+00
1.910659193992614746e+00
1.365974187850952148e+00
1.456464767456054688e+00
3.020206212997436523e+00
1.765941858291625977e+00
1.849393248558044434e+00
2.701415538787841797e+00
3.453359842300415039e+00
2.108773946762084961e+00
2.247637033462524414e+00
3.079259634017944336e+00
2.673326730728149414e+00
1.628115177154541016e+00
1.998285651206970215e+00
2.819031953811645508e+00
3.465844869613647461e+00
2.186076402664184570e+00
2.784605264663696289e+00
2.583514928817749023e+00
2.531458139419555664e+00
2.753045320510864258e+00
1.775911808013916016e+00
1.993972182273864746e+00
3.099542140960693359e+00
3.486414253711700439e-01
1.849729537963867188e+00
2.158950090408325195e+00
1.775764465332031250e+00
2.033097267150878906e+00
1.192959547042846680e+00
2.782134532928466797e+00
3.027774095535278320e+00
1.495528578758239746e+00
2.387448787689208984e+00
2.156130313873291016e+00
2.740712881088256836e+00
1.642933011054992676e+00
1.717060804367065430e+00
7.841947078704833984e-01
2.017632007598876953e+00
1.967651367187500000e+00
2.051869392395019531e+00
1.340088009834289551e+00
5.825614333152770996e-01
2.220134496688842773e+00
2.266005516052246094e+00
1.144425988197326660e+00
1.224269509315490723e+00
2.225202322006225586e+00
2.305922269821166992e+00
2.086937189102172852e+00
2.177559375762939453e+00
2.058827161788940430e+00
1.646360158920288086e+00
6.962376236915588379e-01
2.432741641998291016e+00
2.050711631774902344e+00
2.742625474929809570e+00
1.213462829589843750e+00
1.207043886184692383e+00
4.322149455547332764e-01
6.186264157295227051e-01
9.866191148757934570e-01
1.435461640357971191e+00
1.136367917060852051e+00
1.159279465675354004e+00
4.132908880710601807e-01
1.523659467697143555e+00
8.564597964286804199e-01
1.123296141624450684e+00
1.856779098510742188e+00
2.418164968490600586e+00
1.463477849960327148e+00
1.384610056877136230e+00
2.131266832351684570e+00
2.831724882125854492e+00
2.719350576400756836e+00
1.307472705841064453e+00
2.236157417297363281e+00
2.709689855575561523e+00
2.725701332092285156e+00
1.373007893562316895e+00
2.157108306884765625e+00
2.201091766357421875e+00
1.069368600845336914e+00
1.134017348289489746e+00
1.991732001304626465e+00
1.583770871162414551e+00
2.513334035873413086e+00
2.205773830413818359e+00
2.278016090393066406e+00
1.582770347595214844e+00
9.261799454689025879e-01
1.389073133468627930e+00
1.179709196090698242e+00
2.907390594482421875e+00
2.200842142105102539e+00
2.407464981079101562e+00
1.170984745025634766e+00
2.074643135070800781e+00
2.343775510787963867e+00
7.001092284917831421e-02
1.570734381675720215e+00
2.101217985153198242e+00
1.828603029251098633e+00
2.292649984359741211e+00
2.439898252487182617e+00
1.652743220329284668e+00
1.372403025627136230e+00
7.882439494132995605e-01
1.753784894943237305e+00
1.518771052360534668e+00
7.143803834915161133e-01
1.114456772804260254e+00
6.080685853958129883e-01
1.577511548995971680e+00
1.866023659706115723e+00
2.060426712036132812e+00
8.675421476364135742e-01
1.017301917076110840e+00
8.319377899169921875e-01
1.421465754508972168e+00
1.325083017349243164e+00
1.830027699470520020e+00
1.771904230117797852e+00
1.690303325653076172e+00
8.570557236671447754e-01
9.356916546821594238e-01
1.125708937644958496e+00
1.880335092544555664e+00
1.886580467224121094e+00
1.339323997497558594e+00
2.141937017440795898e+00
4.123886525630950928e-01
8.592197895050048828e-01
1.880317091941833496e+00
1.399752736091613770e+00
1.682623386383056641e+00
1.281723260879516602e+00
1.570591092109680176e+00
1.575948119163513184e+00
1.597515225410461426e+00
1.622347235679626465e+00
2.842704765498638153e-02
1.550633311271667480e+00
2.522149801254272461e+00
2.333146333694458008e+00
1.687814474105834961e+00
1.854554891586303711e+00
1.248270034790039062e+00
1.534130811691284180e+00
1.172346115112304688e+00
1.042291879653930664e+00
1.404754877090454102e+00
2.577281929552555084e-02
1.844609379768371582e+00
9.856632947921752930e-01
-3.877016305923461914e-01
1.268416285514831543e+00
1.378115177154541016e+00
1.583312749862670898e+00
1.101975202560424805e+00
1.670398712158203125e+00
2.218032121658325195e+00
2.383358001708984375e+00
1.056659936904907227e+00
1.172211170196533203e+00
1.403494119644165039e+00
7.686237692832946777e-01
2.140054225921630859e+00
1.245509505271911621e+00
1.503948330879211426e+00
1.504765868186950684e+00
2.141699753701686859e-02
1.449620485305786133e+00
8.286324143409729004e-01
1.159198760986328125e+00
1.900448679924011230e+00
1.059097170829772949e+00
1.338395714759826660e+00
1.373981714248657227e+00
3.171130716800689697e-01
1.410738468170166016e+00
1.159899830818176270e+00
1.934777140617370605e+00
1.490924477577209473e+00
1.696754574775695801e+00
1.877062320709228516e+00
1.038215875625610352e+00
1.432291030883789062e+00
1.003144025802612305e+00
1.159531354904174805e+00
6.965014338493347168e-01
1.304234623908996582e+00
1.834448814392089844e+00
1.851121425628662109e+00
3.019566237926483154e-01
1.066953539848327637e+00
1.355613946914672852e+00
1.076271533966064453e+00
1.514446496963500977e+00
1.444072484970092773e+00
6.367118954658508301e-01
1.501555085182189941e+00
1.635144710540771484e+00
7.368994951248168945e-01
8.547879457473754883e-01
2.445070505142211914e+00
1.387083649635314941e+00
1.819559931755065918e+00
1.508387446403503418e+00
2.412512302398681641e+00
2.616243124008178711e+00
2.264425039291381836e+00
1.323079228401184082e+00
1.339208602905273438e+00
1.873295187950134277e+00
1.328460693359375000e+00
1.569091439247131348e+00
1.491158008575439453e+00
1.773823499679565430e+00
1.989057540893554688e+00
1.316029429435729980e+00
1.088329434394836426e+00
1.984368205070495605e+00
1.436412334442138672e+00
1.216278076171875000e+00
-1.306056976318359375e-01
1.326786279678344727e+00
7.856568694114685059e-01
2.020783424377441406e+00
1.746858954429626465e+00
1.200374960899353027e+00
1.249931097030639648e+00
2.029474496841430664e+00
2.202034950256347656e+00
2.043812513351440430e+00
1.865317702293395996e+00
1.718924164772033691e+00
1.708337187767028809e+00
1.365692734718322754e+00
2.207607507705688477e+00
1.150553584098815918e+00
1.477994084358215332e+00
1.542569875717163086e+00
4.354107677936553955e-01
1.309320092201232910e+00
1.308593153953552246e+00
1.418145418167114258e+00
1.699448823928833008e+00
3.046148538589477539e+00
1.230251312255859375e+00
1.860199809074401855e+00
2.269173145294189453e+00
9.187169671058654785e-01
1.588133335113525391e+00
1.183967590332031250e+00
1.575963735580444336e+00
1.536322116851806641e+00
1.539938330650329590e+00
6.971507668495178223e-01
1.640727162361145020e+00
1.612399220466613770e+00
1.621428608894348145e+00
1.477938294410705566e+00
1.454332232475280762e+00
2.174866676330566406e+00
1.266730189323425293e+00
1.400162577629089355e+00
1.232595205307006836e+00
1.494701862335205078e+00
1.483899354934692383e+00
1.164103865623474121e+00
1.472317218780517578e+00
1.220547199249267578e+00
1.122364759445190430e+00
1.840026497840881348e+00
2.455579280853271484e+00
1.871302604675292969e+00
1.523241281509399414e+00
1.218787550926208496e+00
1.939221739768981934e+00
2.358871936798095703e+00
2.244417667388916016e+00
2.024776458740234375e+00
1.620722293853759766e+00
2.448709964752197266e+00
2.255478620529174805e+00
2.627651929855346680e+00
1.803933382034301758e+00
2.193986892700195312e+00
2.073444366455078125e+00
2.254539251327514648e+00
1.608311176300048828e+00
1.711982369422912598e+00
1.206359267234802246e+00
5.306931734085083008e-01
1.200184941291809082e+00
1.295532464981079102e+00
1.281849980354309082e+00
1.703357815742492676e+00
1.783231735229492188e+00
1.258696436882019043e+00
1.294504642486572266e+00
1.318501353263854980e+00
1.311998605728149414e+00
1.624101161956787109e+00
1.201980233192443848e+00
9.844114184379577637e-01
1.114397644996643066e+00
1.541874408721923828e+00
1.323348045349121094e+00
1.639391422271728516e+00
1.424617886543273926e+00
1.450357913970947266e+00
1.428945779800415039e+00
9.832826256752014160e-01
1.314492940902709961e+00
1.505358815193176270e+00
2.455836772918701172e+00
7.970871329307556152e-01
1.377740144729614258e+00
1.332295298576354980e+00
2.143669605255126953e+00
1.978309869766235352e+00
1.874268412590026855e+00
1.515559315681457520e+00
1.312755107879638672e+00
9.956739544868469238e-01
2.955317020416259766e+00
2.120540618896484375e+00
2.198216438293457031e+00
1.634353637695312500e+00
1.905243515968322754e+00
2.197317838668823242e+00
1.557309746742248535e+00
2.462669134140014648e+00
1.264253258705139160e+00
1.970227718353271484e+00
1.729532003402709961e+00
1.965842604637145996e+00
2.987286567687988281e+00
2.184399604797363281e+00
1.658661723136901855e+00
2.213390350341796875e+00
2.198986768722534180e+00
1.304927349090576172e+00
1.669525980949401855e+00
1.716052174568176270e+00
1.976009130477905273e+00
1.595737457275390625e+00
2.621081590652465820e+00
1.975559234619140625e+00
1.804614663124084473e+00
1.846325039863586426e+00
1.475665211677551270e+00
1.819691538810729980e+00
1.044211626052856445e+00
1.551623463630676270e+00
1.185335516929626465e+00
1.457428455352783203e+00
1.206908583641052246e+00
1.339676141738891602e+00
1.562651038169860840e+00
1.439088702201843262e+00
1.543956398963928223e+00
1.161999583244323730e+00
1.377663969993591309e+00
2.115421295166015625e+00
1.400040864944458008e+00
1.597524523735046387e+00
1.977905035018920898e+00
1.510953664779663086e+00
1.366782188415527344e+00
1.197188973426818848e+00
1.542412996292114258e+00
1.424894928932189941e+00
8.994898796081542969e-01
1.778773188591003418e+00
9.476727247238159180e-01
1.309778571128845215e+00
1.326226115226745605e+00
1.114102125167846680e+00
1.610271573066711426e+00
2.064262390136718750e+00
2.408912181854248047e+00
2.057628154754638672e+00
1.460466265678405762e+00
1.378524422645568848e+00
1.249229311943054199e+00
1.934023737907409668e+00
1.996858119964599609e+00
8.875634670257568359e-01
1.507281780242919922e+00
1.965746402740478516e+00
2.032486200332641602e+00
1.629871606826782227e+00
1.752408742904663086e+00
1.127403259277343750e+00
2.107401132583618164e+00
1.088036417961120605e+00
1.449403047561645508e+00
1.535173058509826660e+00
1.665444612503051758e+00
1.447502732276916504e+00
1.318323373794555664e+00
8.071105480194091797e-01
1.825819611549377441e+00
7.914985418319702148e-01
1.085233926773071289e+00
1.049282550811767578e+00
1.438320994377136230e+00
1.713418126106262207e+00
3.834666311740875244e-01
7.126562595367431641e-01
9.541029334068298340e-01
1.463702678680419922e+00
1.158558249473571777e+00
1.012584209442138672e+00
1.061034321784973145e+00
1.492304325103759766e+00
7.390279173851013184e-01
1.504083514213562012e+00
9.682903289794921875e-01
1.377785444259643555e+00
9.842600226402282715e-01
1.414639830589294434e+00
1.156400203704833984e+00
8.036104440689086914e-01
1.877456903457641602e+00
1.248135447502136230e+00
1.065489530563354492e+00
1.704367995262145996e+00
1.756734728813171387e+00
1.599490642547607422e+00
1.099817991256713867e+00
1.450219750404357910e+00
1.409197449684143066e+00
1.783795714378356934e+00
1.714241862297058105e+00
1.285920977592468262e+00
1.200859785079956055e+00
1.189794540405273438e+00
1.659275174140930176e+00
1.431257247924804688e+00
1.180443644523620605e+00
1.614928722381591797e+00
1.451673865318298340e+00
5.432204604148864746e-01
9.749330878257751465e-01
1.359427928924560547e+00
1.297710418701171875e+00
1.226737499237060547e+00
1.958023667335510254e+00
1.627951622009277344e+00
8.886942863464355469e-01
1.378830432891845703e+00
1.520669817924499512e+00
1.622882604598999023e+00
1.758482456207275391e+00
1.829232931137084961e+00
1.704461932182312012e+00
9.481313824653625488e-01
7.938178777694702148e-01
1.352509021759033203e+00
1.732105255126953125e+00
1.717753291130065918e+00
8.453201055526733398e-01
1.124789237976074219e+00
9.735755920410156250e-01
1.247906804084777832e+00
1.639883995056152344e+00
4.174458980560302734e-01
1.545795440673828125e+00
1.136034250259399414e+00
7.405068874359130859e-01
1.443764805793762207e+00
1.725372552871704102e+00
1.513317227363586426e+00
1.795014023780822754e+00
1.329053640365600586e+00
1.450195550918579102e+00
1.261639714241027832e+00
1.217277526855468750e+00
1.017464399337768555e+00
1.499958753585815430e+00
6.910951137542724609e-01
1.193963885307312012e+00
1.757583856582641602e+00
1.340849280357360840e+00
1.333256840705871582e+00
1.873380541801452637e+00
1.889140725135803223e+00
1.382511615753173828e+00
1.696879029273986816e+00
1.837767243385314941e+00
1.377911329269409180e+00
1.712358474731445312e+00
2.298516511917114258e+00
1.740091681480407715e+00
2.685750007629394531e+00
1.300527453422546387e+00
1.260265588760375977e+00
7.288020253181457520e-01
3.950829505920410156e-01
7.992616295814514160e-01
1.232388257980346680e+00
1.581838369369506836e+00
1.263461112976074219e+00
9.302554130554199219e-01
6.405093073844909668e-01
1.276867985725402832e+00
1.058587670326232910e+00
9.521735906600952148e-01
1.536307215690612793e+00
9.591724872589111328e-01
1.063152790069580078e+00
7.935219407081604004e-01
4.593172967433929443e-01
1.278105020523071289e+00
1.562157869338989258e+00
1.189210295677185059e+00
1.115712523460388184e+00
1.034668207168579102e+00
1.026537656784057617e+00
1.016677260398864746e+00
1.209610223770141602e+00
1.251387476921081543e+00
1.627693772315979004e+00
1.664286613464355469e+00
9.441332817077636719e-01
1.590788483619689941e+00
1.691812753677368164e+00
1.785121083259582520e+00
1.078530430793762207e+00
8.089505434036254883e-01
1.448124408721923828e+00
1.270568609237670898e+00
1.573042273521423340e+00
8.271003365516662598e-01
1.162625908851623535e+00
1.260052919387817383e+00
2.109995037317276001e-01
1.792077183723449707e+00
1.687731742858886719e+00
1.365695118904113770e+00
1.865103125572204590e+00
2.230439186096191406e+00
1.560190677642822266e+00
1.190607309341430664e+00
9.498803615570068359e-01
8.718394041061401367e-01
1.474573493003845215e+00
1.521926045417785645e+00
2.031051397323608398e+00
1.537313699722290039e+00
1.800065279006958008e+00
1.707860350608825684e+00
1.387758851051330566e+00
1.867989182472229004e+00
1.731191992759704590e+00
1.243675231933593750e+00
8.174720406532287598e-01
2.056954383850097656e+00
1.304540514945983887e+00
1.709642291069030762e+00
1.056207656860351562e+00
2.027493000030517578e+00
2.129078388214111328e+00
9.084727168083190918e-01
6.327142119407653809e-01
9.868911504745483398e-01
1.371742486953735352e+00
1.101152777671813965e+00
8.382127285003662109e-01
1.388605594635009766e+00
1.546285629272460938e+00
1.205753564834594727e+00
1.254824042320251465e+00
1.041105747222900391e+00
1.913229942321777344e+00
1.494064927101135254e+00
5.602817535400390625e-01
6.488870382308959961e-01
1.309492468833923340e+00
1.292011737823486328e+00
1.344472885131835938e+00
9.651440978050231934e-01
1.054307937622070312e+00
1.587456583976745605e+00
1.548766493797302246e+00
1.238739132881164551e+00
6.425802707672119141e-01
1.708131074905395508e+00
1.312846660614013672e+00
1.453020691871643066e+00
9.721506834030151367e-01
3.113720715045928955e-01
1.461140990257263184e+00
1.821764469146728516e+00
1.457589507102966309e+00
1.238658308982849121e+00
1.376527070999145508e+00
1.425274372100830078e+00
1.985218286514282227e+00
8.847098350524902344e-01
1.486061334609985352e+00
1.059756636619567871e+00
1.223273396492004395e+00
1.032006382942199707e+00
1.676751613616943359e+00
1.059363484382629395e+00
9.724671840667724609e-01
1.390329241752624512e+00
1.450878262519836426e+00
5.933299064636230469e-01
1.274757385253906250e+00
1.619138240814208984e+00
8.393463492393493652e-01
1.616429567337036133e+00
1.317661762237548828e+00
1.099421143531799316e+00
1.550722599029541016e+00
1.160854458808898926e+00
9.899352788925170898e-01
1.431453824043273926e+00
1.118805408477783203e+00
1.193771481513977051e+00
1.880105257034301758e+00
1.125911593437194824e+00
1.495432853698730469e+00
1.564254164695739746e+00
1.759354352951049805e+00
1.800900697708129883e+00
1.637295484542846680e+00
1.609203457832336426e+00
9.173914790153503418e-01
1.471826195716857910e+00
1.636738419532775879e+00
1.393783807754516602e+00
1.039258003234863281e+00
7.062808871269226074e-01
8.556454181671142578e-01
1.117068648338317871e+00
1.438072204589843750e+00
6.956365108489990234e-01
2.654778659343719482e-01
1.000527381896972656e+00
1.860286235809326172e+00
1.417176604270935059e+00
1.559013962745666504e+00
1.495165944099426270e+00
7.420001029968261719e-01
1.660751819610595703e+00
7.792396545410156250e-01
9.728482365608215332e-01
1.632639169692993164e+00
6.362882852554321289e-01
1.852744698524475098e+00
5.030602812767028809e-01
1.858253479003906250e+00
1.432593703269958496e+00
1.630241513252258301e+00
1.388541936874389648e+00
1.143434882164001465e+00
1.063570499420166016e+00
6.495805978775024414e-01
9.588723778724670410e-01
7.419106364250183105e-01
1.460572600364685059e+00
6.588382720947265625e-01
1.230269551277160645e+00
9.781616926193237305e-01
1.108689069747924805e+00
6.795641779899597168e-01
7.992861866950988770e-01
1.845428466796875000e+00
1.004863977432250977e+00
8.074644804000854492e-01
1.447338223457336426e+00
1.247675776481628418e+00
4.243630170822143555e-01
9.104984998703002930e-01
3.347161710262298584e-01
5.450260043144226074e-01
4.253363609313964844e-01
3.093945682048797607e-01
7.317324876785278320e-01
7.582281231880187988e-01
7.722430229187011719e-01
6.197859048843383789e-01
4.849747121334075928e-01
1.946641951799392700e-01
1.117478132247924805e+00
3.588207066059112549e-01
1.721454970538616180e-02
6.770752072334289551e-01
1.580180883407592773e+00
9.109521508216857910e-01
6.426860094070434570e-01
-1.327315419912338257e-01
1.314568161964416504e+00
1.329496741294860840e+00
7.409715056419372559e-01
7.182667255401611328e-01
1.598477244377136230e+00
8.136483430862426758e-01
1.225850820541381836e+00
8.534307479858398438e-01
4.303300082683563232e-01
1.226946592330932617e+00
1.721000075340270996e+00
1.108368992805480957e+00
1.083459496498107910e+00
8.573091030120849609e-01
7.005991935729980469e-01
9.477694630622863770e-01
9.638268947601318359e-01
6.487253904342651367e-01
1.092778921127319336e+00
1.147413969039916992e+00
3.729976713657379150e-01
8.476011753082275391e-01
3.846436142921447754e-01
6.639847159385681152e-01
7.082713246345520020e-01
8.632158637046813965e-01
1.159716963768005371e+00
1.054644465446472168e+00
9.133096337318420410e-01
7.049497961997985840e-01
1.296372056007385254e+00
5.300602316856384277e-01
8.717235326766967773e-01
8.160565495491027832e-01
3.734912276268005371e-01
1.045153498649597168e+00
8.245574831962585449e-01
5.782331824302673340e-01
1.030143260955810547e+00
7.444842457771301270e-01
4.893955886363983154e-01
3.735014423727989197e-02
5.367438197135925293e-01
5.326377749443054199e-01
2.625331580638885498e-01
5.323230624198913574e-01
3.790546953678131104e-01
6.188302636146545410e-01
1.016017913818359375e+00
1.159285306930541992e+00
6.922359466552734375e-01
6.445705294609069824e-01
9.594456553459167480e-01
1.320170283317565918e+00
6.480554342269897461e-01
4.890779852867126465e-01
1.166734576225280762e+00
7.119217514991760254e-02
9.623792171478271484e-01
7.337862849235534668e-01
6.604647636413574219e-01
9.317232966423034668e-01
4.635537862777709961e-01
3.675653040409088135e-01
8.344789147377014160e-01
9.992951750755310059e-01
1.483267784118652344e+00
1.047337889671325684e+00
1.084608554840087891e+00
9.121694564819335938e-01
5.326836109161376953e-01
6.386141180992126465e-01
1.382497787475585938e+00
8.480525016784667969e-01
1.128845453262329102e+00
1.041469216346740723e+00
7.416184544563293457e-01
5.669781565666198730e-01
1.042576670646667480e+00
7.190492749214172363e-01
1.310956954956054688e+00
1.215467810630798340e+00
1.850270032882690430e+00
5.271763801574707031e-01
5.694566369056701660e-01
1.136724948883056641e+00
5.136433243751525879e-01
1.290328741073608398e+00
8.966321349143981934e-01
1.124032378196716309e+00
9.952215552330017090e-01
7.886399030685424805e-01
1.188293695449829102e+00
7.804287672042846680e-01
1.366551995277404785e+00
1.067689776420593262e+00
1.003715276718139648e+00
7.636488080024719238e-01
1.321063399314880371e+00
1.176958084106445312e+00
9.748278856277465820e-01
7.674009799957275391e-01
8.616771697998046875e-01
1.501598834991455078e+00
1.212920069694519043e+00
7.234440445899963379e-01
1.251201629638671875e+00
1.199750661849975586e+00
9.990415722131729126e-02
8.839957118034362793e-01
1.016281127929687500e+00
1.186100006103515625e+00
1.044500470161437988e+00
6.565832495689392090e-01
1.153362870216369629e+00
1.105724096298217773e+00
1.254197955131530762e+00
1.337531447410583496e+00
9.876232743263244629e-01
6.094298958778381348e-01
1.034415125846862793e+00
1.207786083221435547e+00
9.909126758575439453e-01
1.059892535209655762e+00
7.327990531921386719e-01
7.927735447883605957e-01
1.195028543472290039e+00
1.105175018310546875e+00
8.087701201438903809e-01
5.346340537071228027e-01
5.167713165283203125e-01
7.916672825813293457e-01
9.915745258331298828e-01
-3.774189949035644531e-02
1.399762928485870361e-01
4.951973557472229004e-01
1.004382491111755371e+00
5.749337673187255859e-01
8.094637989997863770e-01
1.402422189712524414e+00
5.131390094757080078e-01
9.852228164672851562e-01
9.725493192672729492e-01
1.254060983657836914e+00
1.070512413978576660e+00
5.983858704566955566e-01
9.195860028266906738e-01
1.408662080764770508e+00
4.820758998394012451e-01
6.705096364021301270e-01
7.740621566772460938e-01
7.695023417472839355e-01
7.321518659591674805e-01
6.865382790565490723e-01
1.173333048820495605e+00
1.045797586441040039e+00
8.705196976661682129e-01
3.036775588989257812e-01
8.320389986038208008e-01
5.797969102859497070e-01
1.182055234909057617e+00
1.037974834442138672e+00
8.107262253761291504e-01
3.697579205036163330e-01
4.951055347919464111e-01
7.239737510681152344e-01
1.594562172889709473e+00
3.686421215534210205e-01
8.704262971878051758e-01
3.912557959556579590e-01
5.456990003585815430e-01
7.242981791496276855e-01
6.467131376266479492e-01
6.434792876243591309e-01
7.766723632812500000e-01
3.797036707401275635e-01
7.731726169586181641e-01
7.207407951354980469e-01
1.280718922615051270e+00
6.642597317695617676e-01
8.688843250274658203e-01
1.020053267478942871e+00
1.026893854141235352e+00
1.123852252960205078e+00
5.136994719505310059e-01
1.245864868164062500e+00
9.086119532585144043e-01
2.279303669929504395e-01
9.634005427360534668e-01
7.016613483428955078e-01
1.261216640472412109e+00
1.222870945930480957e+00
9.940460920333862305e-01
5.815406441688537598e-01
1.108513832092285156e+00
2.749006450176239014e-01
4.427587091922760010e-01
9.002203345298767090e-01
1.087090253829956055e+00
5.065164566040039062e-01
1.067404270172119141e+00
8.704003691673278809e-01
1.136360049247741699e+00
1.576540350914001465e+00
1.295231342315673828e+00
1.546173214912414551e+00
1.317566156387329102e+00
1.013007164001464844e+00
1.468486547470092773e+00
1.030778646469116211e+00
8.656113743782043457e-01
3.968884944915771484e-01
8.166049122810363770e-01
9.583267569541931152e-01
5.719314217567443848e-01
9.144940972328186035e-01
7.211977243423461914e-01
1.792641878128051758e+00
7.873516082763671875e-01
8.078352808952331543e-01
1.283134937286376953e+00
1.381601572036743164e+00
1.294771432876586914e+00
1.277788043022155762e+00
1.460095047950744629e+00
6.171636581420898438e-01
1.092201232910156250e+00
5.033026933670043945e-01
1.537332296371459961e+00
1.775415658950805664e+00
4.767588376998901367e-01
1.441456675529479980e+00
1.375265359878540039e+00
5.930243730545043945e-01
7.638681530952453613e-01
9.402335286140441895e-01
9.011703133583068848e-01
7.618961334228515625e-01
1.334068417549133301e+00
7.014228701591491699e-01
8.027817606925964355e-01
1.101713418960571289e+00
1.097079038619995117e+00
1.341368675231933594e+00
8.992048501968383789e-01
4.140066504478454590e-01
9.555887579917907715e-01
1.139105796813964844e+00
9.893105626106262207e-01
6.014986038208007812e-01
9.334585070610046387e-01
5.120752453804016113e-01
1.172813296318054199e+00
1.148016810417175293e+00
8.273131251335144043e-01
9.617187976837158203e-01
8.115763664245605469e-01
1.105050086975097656e+00
4.810699224472045898e-01
1.469602465629577637e+00
9.258357286453247070e-01
1.115053057670593262e+00
8.984600901603698730e-01
1.197080016136169434e+00
9.967085123062133789e-01
4.138483405113220215e-01
5.634255409240722656e-01
1.603379130363464355e+00
1.335789561271667480e+00
1.321487426757812500e+00
9.584364295005798340e-01
8.549494743347167969e-01
1.566220879554748535e+00
5.169806480407714844e-01
8.592059612274169922e-01
1.105658531188964844e+00
9.685912728309631348e-01
9.617148637771606445e-01
1.150096774101257324e+00
4.492104351520538330e-01
8.318901658058166504e-01
8.234106302261352539e-01
8.271304965019226074e-01
1.304404973983764648e+00
5.160561203956604004e-01
9.242012500762939453e-01
1.307147502899169922e+00
1.226726412773132324e+00
5.890858173370361328e-01
6.485700607299804688e-01
1.198674082756042480e+00
9.416990280151367188e-01
3.839206099510192871e-01
4.844624102115631104e-01
9.270712733268737793e-01
5.809620022773742676e-01
1.106077432632446289e+00
1.392506241798400879e+00
5.795916914939880371e-01
1.354917168617248535e+00
8.624103069305419922e-01
1.253795623779296875e+00
1.144835591316223145e+00
1.150855660438537598e+00
9.873333573341369629e-01
1.168680667877197266e+00
5.556459426879882812e-01
1.266591310501098633e+00
9.038410782814025879e-01
5.383093953132629395e-01
5.644273757934570312e-01
1.303372621536254883e+00
1.055313110351562500e+00
4.269605278968811035e-01
3.507380187511444092e-01
8.000813126564025879e-01
7.556890845298767090e-01
5.768914818763732910e-01
1.255789160728454590e+00
7.365154027938842773e-01
1.198200941085815430e+00
1.131825804710388184e+00
1.152056336402893066e+00
1.000615119934082031e+00
6.655250191688537598e-01
1.209227919578552246e+00
9.276338219642639160e-01
1.119196414947509766e+00
1.057930707931518555e+00
1.796825885772705078e+00
1.258525252342224121e+00
9.540373682975769043e-01
7.537796497344970703e-01
9.953074455261230469e-01
1.029371619224548340e+00
4.411768317222595215e-01
9.069281816482543945e-01
7.993839979171752930e-01
9.591043591499328613e-01
5.327377915382385254e-01
2.520336806774139404e-01
5.592508316040039062e-01
6.751320362091064453e-01
2.132208198308944702e-01
4.935074746608734131e-01
3.157487511634826660e-01
6.666759848594665527e-01
5.478166341781616211e-01
1.198562860488891602e+00
1.175267338752746582e+00
3.904197737574577332e-02
4.576611220836639404e-01
4.802359640598297119e-01
1.037729024887084961e+00
8.107215166091918945e-01
1.042236208915710449e+00
1.331725478172302246e+00
1.050052523612976074e+00
1.178231120109558105e+00
1.110564231872558594e+00
1.171786904335021973e+00
9.945540428161621094e-01
9.111865162849426270e-01
1.169869661331176758e+00
9.638106822967529297e-01
1.694789052009582520e+00
8.044430613517761230e-01
1.189281582832336426e+00
7.819169163703918457e-01
1.795433089137077332e-02
6.772311329841613770e-01
2.033207267522811890e-01
1.848474889993667603e-01
9.025805592536926270e-01
4.856042861938476562e-01
7.121106386184692383e-01
8.699160814285278320e-01
4.814491271972656250e-01
6.478666663169860840e-01
3.002369776368141174e-02
7.316046953201293945e-01
3.568811416625976562e-01
5.545023083686828613e-01
8.252941966056823730e-01
1.093274354934692383e+00
9.589988589286804199e-01
4.586560726165771484e-01
2.249774634838104248e-01
5.878105163574218750e-01
6.193020343780517578e-01
8.379591107368469238e-01
8.794054985046386719e-01
4.750620126724243164e-01
5.627481937408447266e-01
5.796991586685180664e-01
1.045962929725646973e+00
7.080751657485961914e-01
9.134397506713867188e-01
9.898377656936645508e-01
1.358131885528564453e+00
9.103025794029235840e-01
1.153863668441772461e+00
4.614552259445190430e-01
7.615537643432617188e-01
7.682363986968994141e-01
5.436595678329467773e-01
5.908396244049072266e-01
3.179125785827636719e-01
5.666732192039489746e-01
3.847701251506805420e-01
6.165174841880798340e-01
7.718310356140136719e-01
3.845233023166656494e-01
8.212488889694213867e-01
8.101403713226318359e-01
9.886072874069213867e-01
7.196524739265441895e-01
1.032988667488098145e+00
7.114733457565307617e-01
1.028989195823669434e+00
8.823277354240417480e-01
8.476117253303527832e-01
3.447202146053314209e-01
1.084935903549194336e+00
1.295755624771118164e+00
1.393509984016418457e+00
7.848842740058898926e-01
7.665334939956665039e-01
1.296448349952697754e+00
5.842933058738708496e-01
7.816254496574401855e-01
8.172543346881866455e-02
8.390795588493347168e-01
5.383672118186950684e-01
8.408243954181671143e-02
1.830248744226992130e-03
2.932702302932739258e-01
7.718345522880554199e-01
3.039295077323913574e-01
8.938217759132385254e-01
4.212599992752075195e-01
2.195959091186523438e-01
8.288610577583312988e-01
3.854641318321228027e-01
6.468659639358520508e-01
2.423499673604965210e-01
6.930582523345947266e-01
1.179953694343566895e+00
9.044284820556640625e-01
3.313589096069335938e-01
8.033388257026672363e-01
2.480184435844421387e-01
2.675029933452606201e-01
7.749546766281127930e-01
4.192212522029876709e-01
-9.682884812355041504e-02
6.441478617489337921e-03
5.074541568756103516e-01
3.770515024662017822e-01
8.237900137901306152e-01
-4.173775315284729004e-01
3.477333784103393555e-01
6.526513695716857910e-01
-1.155838952399790287e-03
3.746524751186370850e-01
6.069694161415100098e-01
6.582083106040954590e-01
6.287891268730163574e-01
3.571241796016693115e-01
5.335222482681274414e-01
-3.541617989540100098e-01
2.195345610380172729e-01
9.380472898483276367e-01
2.097161561250686646e-01
4.398946166038513184e-01
3.466149866580963135e-01
5.019608736038208008e-01
3.860276639461517334e-01
3.582788705825805664e-01
1.183860003948211670e-01
-1.834506243467330933e-01
4.438098073005676270e-01
6.795734167098999023e-01
8.864166736602783203e-01
4.421288967132568359e-01
8.314171433448791504e-01
4.173901379108428955e-01
4.005413055419921875e-01
6.519280672073364258e-01
6.192975044250488281e-01
1.336420416831970215e+00
4.944526851177215576e-01
7.268160581588745117e-01
6.625810861587524414e-01
4.162525832653045654e-01
3.687128126621246338e-01
8.662239909172058105e-01
6.749564409255981445e-01
8.667443394660949707e-01
1.158098459243774414e+00
6.179317831993103027e-01
4.292493760585784912e-01
1.494287729263305664e+00
9.075092077255249023e-01
5.463227629661560059e-01
8.655520677566528320e-01
3.368096947669982910e-01
8.274127244949340820e-01
7.911644577980041504e-01
6.468946933746337891e-01
9.915800094604492188e-01
9.546322226524353027e-01
4.610972404479980469e-01
8.619721531867980957e-01
1.305511474609375000e+00
2.979343235492706299e-01
1.143962264060974121e+00
6.149051785469055176e-01
1.136548519134521484e+00
6.225895285606384277e-01
1.012330412864685059e+00
8.234158158302307129e-01
4.606417119503021240e-01
6.888262629508972168e-01
9.689493179321289062e-01
9.405349493026733398e-01
6.509585976600646973e-01
9.204958081245422363e-01
4.905699789524078369e-01
3.129259347915649414e-01
1.109870076179504395e+00
6.907511949539184570e-01
9.058772921562194824e-01
8.289284110069274902e-01
8.841314315795898438e-01
1.272107362747192383e+00
6.981387138366699219e-01
7.000707983970642090e-01
5.331845879554748535e-01
9.006822109222412109e-01
8.112766742706298828e-01
9.682032465934753418e-01
1.344644904136657715e+00
9.643999934196472168e-01
1.943469643592834473e-01
9.312087893486022949e-01
3.968271240592002869e-02
-1.218082308769226074e-01
1.306835561990737915e-01
9.051181077957153320e-01
5.226712822914123535e-01
7.395793795585632324e-01
2.100850641727447510e-01
9.196910858154296875e-01
6.579418778419494629e-01
4.794817268848419189e-01
6.433902382850646973e-01
5.032832026481628418e-01
3.651004731655120850e-01
6.148778200149536133e-01
7.707639932632446289e-01
-9.510894864797592163e-02
3.616702258586883545e-01
6.619089245796203613e-01
3.601498603820800781e-01
8.730962276458740234e-01
5.494055151939392090e-01
2.582802772521972656e-01
2.477255016565322876e-01
1.053613901138305664e+00
8.239316940307617188e-01
6.952621936798095703e-01
9.757644534111022949e-01
5.307355523109436035e-01
6.835163235664367676e-01
4.959084987640380859e-01
5.149133205413818359e-01
1.370426893234252930e+00
9.268928170204162598e-01
5.319697856903076172e-01
9.747644066810607910e-01
1.227094233036041260e-01
6.648646593093872070e-01
6.069787740707397461e-01
4.852149188518524170e-01
6.119073629379272461e-01
4.197477698326110840e-01
6.145684123039245605e-01
6.107355952262878418e-01
8.328663706779479980e-01
8.130829334259033203e-01
-5.406188964843750000e-02
9.766576290130615234e-01
8.718273639678955078e-01
4.790972471237182617e-01
9.630054831504821777e-01
8.696364164352416992e-01
6.267469525337219238e-01
8.625875115394592285e-01
5.586959719657897949e-01
7.000842094421386719e-01
7.617422342300415039e-01
1.251535892486572266e+00
7.151255607604980469e-01
5.723091959953308105e-01
5.262020826339721680e-01
9.670709967613220215e-01
7.312175631523132324e-01
1.051329135894775391e+00
2.822775244712829590e-01
4.053378999233245850e-01
4.511083066463470459e-01
1.131413459777832031e+00
5.163009762763977051e-01
6.092036366462707520e-01
6.738483309745788574e-01
6.776859760284423828e-01
1.226442098617553711e+00
8.877654075622558594e-01
9.108944535255432129e-01
1.474676728248596191e+00
4.303155541419982910e-01
1.350914597511291504e+00
1.298184514045715332e+00
1.471417546272277832e+00
9.135209321975708008e-01
9.060505628585815430e-01
1.484569191932678223e+00
9.111624956130981445e-01
1.002304077148437500e+00
1.167964220046997070e+00
1.110456347465515137e+00
7.136304974555969238e-01
1.078084230422973633e+00
1.017003059387207031e+00
6.256246566772460938e-01
2.834239602088928223e-01
1.028696537017822266e+00
4.694045782089233398e-01
5.404785275459289551e-01
7.309603691101074219e-01
1.622108370065689087e-01
6.491588950157165527e-01
5.926752090454101562e-01
1.828698664903640747e-01
-1.188328117132186890e-01
5.999538302421569824e-01
6.163182854652404785e-01
6.041665673255920410e-01
4.624738097190856934e-01
6.893362402915954590e-01
8.870394229888916016e-01
7.065697908401489258e-01
9.953517913818359375e-01
3.743211925029754639e-01
6.985073089599609375e-01
3.733749389648437500e-01
6.636263728141784668e-01
1.891765594482421875e-01
4.933761060237884521e-01
8.315061926841735840e-01
1.321678161621093750e+00
3.460584878921508789e-01
8.210754394531250000e-02
5.126776099205017090e-01
8.001167774200439453e-01
8.238239884376525879e-01
8.785483241081237793e-01
9.936862587928771973e-01
1.037283897399902344e+00
8.715453743934631348e-01
9.384414553642272949e-01
8.323503136634826660e-01
3.852562606334686279e-01
7.753068208694458008e-01
7.331658601760864258e-01
5.411009788513183594e-01
9.287774562835693359e-01
5.236517786979675293e-01
7.082481980323791504e-01
8.355814218521118164e-01
9.103296995162963867e-01
6.639784574508666992e-01
1.025669336318969727e+00
8.235415220260620117e-01
1.111674904823303223e+00
5.498568415641784668e-01
6.101137995719909668e-01
7.589291930198669434e-01
3.668721318244934082e-01
1.792812943458557129e-01
7.336500287055969238e-01
6.549508571624755859e-01
8.311440944671630859e-01
1.377802968025207520e+00
8.368257880210876465e-01
3.959517478942871094e-01
7.529649138450622559e-01
9.554275870323181152e-01
7.089173793792724609e-01
8.888226747512817383e-01
1.164744734764099121e+00
1.225721001625061035e+00
5.891342163085937500e-01
1.089935541152954102e+00
3.361591398715972900e-01
2.652950584888458252e-01
8.123112320899963379e-01
4.895285069942474365e-01
8.291937112808227539e-01
7.174843549728393555e-01
6.876589059829711914e-01
3.535780608654022217e-01
8.714308738708496094e-01
1.414679437875747681e-01
1.236033514142036438e-01
5.237610340118408203e-01
4.599849581718444824e-01
8.838376998901367188e-01
2.478950023651123047e-01
5.945843458175659180e-01
9.953543543815612793e-01
6.773716807365417480e-01
1.339079260826110840e+00
8.716038465499877930e-01
7.424561977386474609e-01
8.404266238212585449e-01
8.406712412834167480e-01
5.713610053062438965e-01
5.482841134071350098e-01
5.648640990257263184e-01
1.026508212089538574e+00
1.021679639816284180e+00
9.245696663856506348e-01
1.061570525169372559e+00
9.475896954536437988e-01
5.024574398994445801e-01
1.161135435104370117e+00
7.500001192092895508e-01
1.164590716361999512e+00
8.455801010131835938e-01
7.706629633903503418e-01
7.720486521720886230e-01
8.782030940055847168e-01
1.263156533241271973e+00
8.689044117927551270e-01
1.285928606986999512e+00
6.472248435020446777e-01
1.055881142616271973e+00
1.000556349754333496e+00
1.218801259994506836e+00
9.017753601074218750e-01
7.687957882881164551e-01
1.404218077659606934e+00
1.066665768623352051e+00
1.020927429199218750e+00
9.598814249038696289e-01
1.137992382049560547e+00
1.506802439689636230e+00
7.338298559188842773e-01
1.132402777671813965e+00
1.829286456108093262e+00
8.060624599456787109e-01
6.663618087768554688e-01
5.024471879005432129e-01
1.143069028854370117e+00
3.346846401691436768e-01
1.505644083023071289e+00
7.538619637489318848e-01
1.027852773666381836e+00
9.437662959098815918e-01
8.504345417022705078e-01
9.648396968841552734e-01
1.536718249320983887e+00
7.133663892745971680e-01
1.135925173759460449e+00
7.292483448982238770e-01
9.918393492698669434e-01
8.386767506599426270e-01
7.137194871902465820e-01
1.013130903244018555e+00
7.723453640937805176e-01
1.346951842308044434e+00
9.541929960250854492e-01
5.331527590751647949e-01
5.502191185951232910e-01
1.049186944961547852e+00
1.332229018211364746e+00
8.897280097007751465e-01
8.900597095489501953e-01
1.010972499847412109e+00
9.700222611427307129e-01
9.067043662071228027e-01
8.253977894783020020e-01
8.476740717887878418e-01
1.500381708145141602e+00
8.846285939216613770e-01
5.334909558296203613e-01
8.971192836761474609e-01
1.193713307380676270e+00
3.632080554962158203e-02
3.500868380069732666e-01
7.171922922134399414e-01
6.019994020462036133e-01
5.679230093955993652e-01
3.165554404258728027e-01
7.115881443023681641e-01
8.156349658966064453e-01
6.624947786331176758e-01
5.812811851501464844e-01
3.820725083351135254e-01
4.442856609821319580e-01
3.689518570899963379e-01
1.153695344924926758e+00
-1.032491847872734070e-01
1.176473945379257202e-01
1.936884969472885132e-01
5.533189773559570312e-01
4.945665597915649414e-01
7.327206134796142578e-01
4.648230969905853271e-01
4.999732971191406250e-01
3.375963866710662842e-01
9.813819527626037598e-01
1.037686467170715332e+00
4.467345774173736572e-01
3.076363503932952881e-01
1.233443140983581543e+00
3.527308106422424316e-01
-2.048603445291519165e-01
3.177988529205322266e-01
2.949829399585723877e-01
7.285110354423522949e-01
1.265141010284423828e+00
8.501110076904296875e-01
5.178605318069458008e-01
6.225937008857727051e-01
5.358610153198242188e-01
3.676244914531707764e-01
2.285801619291305542e-01
7.459088563919067383e-01
4.183931350708007812e-01
2.293452173471450806e-01
8.975965529680252075e-02
3.785101473331451416e-01
7.095667123794555664e-01
3.396158814430236816e-01
8.292559385299682617e-01
7.739500999450683594e-01
7.869352698326110840e-01
8.436588644981384277e-01
9.372237324714660645e-01
6.569884419441223145e-01
4.159076511859893799e-01
2.004751563072204590e-01
3.419238924980163574e-01
3.787742257118225098e-01
5.882905721664428711e-01
-1.806039512157440186e-01
4.150719568133354187e-02
4.763129949569702148e-01
6.588464379310607910e-01
5.843211412429809570e-01
6.561515927314758301e-01
6.768398880958557129e-01
4.024340808391571045e-01
5.641029477119445801e-01
3.072023689746856689e-01
1.891931891441345215e-01
7.512443661689758301e-01
6.870914101600646973e-01
4.070029854774475098e-01
1.194696128368377686e-02
1.239612251520156860e-01
1.277608722448348999e-01
5.707259774208068848e-01
8.768568038940429688e-01
1.898832619190216064e-01
6.049582362174987793e-01
4.127569198608398438e-01
6.909644007682800293e-01
1.103767156600952148e+00
3.996735215187072754e-01
1.394606530666351318e-01
2.582307159900665283e-01
2.966106534004211426e-01
-1.026920322328805923e-02
2.722749710083007812e-01
6.949910521507263184e-01
7.460278868675231934e-01
6.289827823638916016e-01
2.206854373216629028e-01
6.990700960159301758e-01
5.688121914863586426e-01
6.243611574172973633e-01
7.605264186859130859e-01
7.549064755439758301e-01
7.077094912528991699e-01
6.198946833610534668e-01
4.220328032970428467e-01
4.204990565776824951e-01
8.838573098182678223e-01
6.272085309028625488e-01
4.228912889957427979e-01
8.584685921669006348e-01
2.929297387599945068e-01
5.382171869277954102e-01
4.899814128875732422e-01
7.770535349845886230e-01
6.367533802986145020e-01
2.386953234672546387e-01
4.380786716938018799e-01
1.553499847650527954e-01
1.371232420206069946e-01
5.253235697746276855e-01
4.737412035465240479e-01
7.907247543334960938e-01
9.260734319686889648e-01
3.116185069084167480e-01
2.416397444903850555e-02
5.868663787841796875e-01
3.272334635257720947e-01
2.281687557697296143e-01
4.009273052215576172e-01
2.673625648021697998e-01
7.423274964094161987e-02
7.131569981575012207e-01
3.071707785129547119e-01
3.494811952114105225e-01
-4.342746455222368240e-03
1.404363363981246948e-01
2.199545651674270630e-01
4.469006359577178955e-01
4.376367926597595215e-01
-3.969871401786804199e-01
2.700433731079101562e-01
4.177925884723663330e-01
2.847949266433715820e-01
3.521785736083984375e-01
